1, 1.0, 0.0, 0, 0, 0, 0, 0, 0, 0, 0, 0, 0, 0, 0, 0, 0.0, 0, 0, 0, 0
1, 1.0, 0.0, 0, 0, 0, 0, 0, 0, 0, 0, 0, 0, 0, 0, 0, 0.0, 0, 0, 0, 0
1, 0.9333333333333333, 0.06666666666666667, 0, 0.0, 0, 0.0, 0, 0.0, 0, 0.0, 0, 0.0, 1, 1.0, 0, 0.0, 1, 0, 0, 0
1, 1.0, 0.0, 0, 0, 0, 0, 0, 0, 0, 0, 0, 0, 0, 0, 0, 0.0, 1, 0, 0, 0
1, 0.9090909090909091, 0.09090909090909091, 1, 1.0, 0, 0.0, 0, 0.0, 0, 0.0, 0, 0.0, 0, 0.0, 0, 0.0, 0, 0, 0, 0
1, 1.0, 0.0, 0, 0, 0, 0, 0, 0, 0, 0, 0, 0, 0, 0, 0, 0.0, 0, 0, 0, 0
1, 0.8888888888888888, 0.1111111111111111, 0, 0.0, 1, 1.0, 0, 0.0, 0, 0.0, 0, 0.0, 0, 0.0, 0, 0.0, 0, 0, 0, 0
1, 1.0, 0.0, 0, 0, 0, 0, 0, 0, 0, 0, 0, 0, 0, 0, 0, 0.0, 0, 0, 1, 0
1, 1.0, 0.0, 0, 0, 0, 0, 0, 0, 0, 0, 0, 0, 0, 0, 0, 0.0, 0, 0, 0, 0
1, 1.0, 0.0, 0, 0, 0, 0, 0, 0, 0, 0, 0, 0, 0, 0, 0, 0.0, 0, 0, 0, 0
1, 1.0, 0.0, 0, 0, 0, 0, 0, 0, 0, 0, 0, 0, 0, 0, 0, 0.0, 0, 0, 0, 0
1, 0.875, 0.0, 0, 0, 0, 0, 0, 0, 0, 0, 0, 0, 0, 0, 1, 0.125, 0, 0, 0, 0
1, 1.0, 0.0, 0, 0, 0, 0, 0, 0, 0, 0, 0, 0, 0, 0, 0, 0.0, 0, 0, 0, 0
1, 1.0, 0.0, 0, 0, 0, 0, 0, 0, 0, 0, 0, 0, 0, 0, 0, 0.0, 0, 0, 0, 0
1, 0.9375, 0.0625, 0, 0.0, 1, 1.0, 0, 0.0, 0, 0.0, 0, 0.0, 0, 0.0, 0, 0.0, 0, 0, 0, 0
1, 0.9090909090909091, 0.09090909090909091, 1, 1.0, 0, 0.0, 0, 0.0, 0, 0.0, 0, 0.0, 0, 0.0, 0, 0.0, 0, 0, 0, 0
1, 1.0, 0.0, 0, 0, 0, 0, 0, 0, 0, 0, 0, 0, 0, 0, 0, 0.0, 0, 0, 0, 0
1, 1.0, 0.0, 0, 0, 0, 0, 0, 0, 0, 0, 0, 0, 0, 0, 0, 0.0, 0, 0, 0, 0
1, 0.875, 0.125, 0, 0.0, 1, 1.0, 0, 0.0, 0, 0.0, 0, 0.0, 0, 0.0, 0, 0.0, 0, 0, 0, 0
1, 1.0, 0.0, 0, 0, 0, 0, 0, 0, 0, 0, 0, 0, 0, 0, 0, 0.0, 0, 0, 0, 0
1, 1.0, 0.0, 0, 0, 0, 0, 0, 0, 0, 0, 0, 0, 0, 0, 0, 0.0, 0, 0, 0, 0
1, 0.875, 0.125, 0, 0.0, 0, 0.0, 0, 0.0, 0, 0.0, 1, 1.0, 0, 0.0, 0, 0.0, 0, 0, 0, 0
1, 1.0, 0.0, 0, 0, 0, 0, 0, 0, 0, 0, 0, 0, 0, 0, 0, 0.0, 0, 0, 1, 0
1, 0.9444444444444444, 0.05555555555555555, 0, 0.0, 0, 0.0, 0, 0.0, 0, 0.0, 0, 0.0, 1, 1.0, 0, 0.0, 0, 0, 0, 0
1, 1.0, 0.0, 0, 0, 0, 0, 0, 0, 0, 0, 0, 0, 0, 0, 0, 0.0, 0, 0, 0, 0
1, 0.8888888888888888, 0.1111111111111111, 0, 0.0, 0, 0.0, 1, 1.0, 0, 0.0, 0, 0.0, 0, 0.0, 0, 0.0, 0, 0, 0, 0
1, 1.0, 0.0, 0, 0, 0, 0, 0, 0, 0, 0, 0, 0, 0, 0, 0, 0.0, 0, 0, 0, 0
1, 1.0, 0.0, 0, 0, 0, 0, 0, 0, 0, 0, 0, 0, 0, 0, 0, 0.0, 0, 0, 0, 0
1, 1.0, 0.0, 0, 0, 0, 0, 0, 0, 0, 0, 0, 0, 0, 0, 0, 0.0, 0, 0, 0, 0
1, 1.0, 0.0, 0, 0, 0, 0, 0, 0, 0, 0, 0, 0, 0, 0, 0, 0.0, 0, 0, 1, 0
1, 1.0, 0.0, 0, 0, 0, 0, 0, 0, 0, 0, 0, 0, 0, 0, 0, 0.0, 0, 0, 0, 0
1, 1.0, 0.0, 0, 0, 0, 0, 0, 0, 0, 0, 0, 0, 0, 0, 0, 0.0, 0, 0, 0, 0
1, 0.9230769230769231, 0.07692307692307693, 1, 1.0, 0, 0.0, 0, 0.0, 0, 0.0, 0, 0.0, 0, 0.0, 0, 0.0, 0, 0, 1, 0
1, 0.8947368421052632, 0.05263157894736842, 0, 0.0, 1, 1.0, 0, 0.0, 0, 0.0, 0, 0.0, 0, 0.0, 1, 0.05263157894736842, 0, 0, 0, 0
1, 1.0, 0.0, 0, 0, 0, 0, 0, 0, 0, 0, 0, 0, 0, 0, 0, 0.0, 0, 0, 1, 0
1, 1.0, 0.0, 0, 0, 0, 0, 0, 0, 0, 0, 0, 0, 0, 0, 0, 0.0, 0, 0, 0, 0
1, 1.0, 0.0, 0, 0, 0, 0, 0, 0, 0, 0, 0, 0, 0, 0, 0, 0.0, 0, 0, 0, 0
1, 1.0, 0.0, 0, 0, 0, 0, 0, 0, 0, 0, 0, 0, 0, 0, 0, 0.0, 0, 0, 0, 0
1, 1.0, 0.0, 0, 0, 0, 0, 0, 0, 0, 0, 0, 0, 0, 0, 0, 0.0, 0, 0, 0, 0
1, 0.8, 0.2, 0, 0.0, 0, 0.0, 0, 0.0, 0, 0.0, 0, 0.0, 1, 1.0, 0, 0.0, 0, 0, 0, 0
1, 0.8333333333333334, 0.16666666666666666, 0, 0.0, 0, 0.0, 1, 1.0, 0, 0.0, 0, 0.0, 0, 0.0, 0, 0.0, 0, 0, 0, 0
1, 1.0, 0.0, 0, 0, 0, 0, 0, 0, 0, 0, 0, 0, 0, 0, 0, 0.0, 0, 0, 0, 0
1, 1.0, 0.0, 0, 0, 0, 0, 0, 0, 0, 0, 0, 0, 0, 0, 0, 0.0, 0, 0, 1, 0
1, 1.0, 0.0, 0, 0, 0, 0, 0, 0, 0, 0, 0, 0, 0, 0, 0, 0.0, 0, 0, 0, 0
1, 1.0, 0.0, 0, 0, 0, 0, 0, 0, 0, 0, 0, 0, 0, 0, 0, 0.0, 0, 0, 0, 0
1, 1.0, 0.0, 0, 0, 0, 0, 0, 0, 0, 0, 0, 0, 0, 0, 0, 0.0, 0, 0, 0, 0
1, 1.0, 0.0, 0, 0, 0, 0, 0, 0, 0, 0, 0, 0, 0, 0, 0, 0.0, 0, 0, 0, 0
1, 1.0, 0.0, 0, 0, 0, 0, 0, 0, 0, 0, 0, 0, 0, 0, 0, 0.0, 0, 0, 0, 0
1, 1.0, 0.0, 0, 0, 0, 0, 0, 0, 0, 0, 0, 0, 0, 0, 0, 0.0, 0, 0, 0, 0
1, 1.0, 0.0, 0, 0, 0, 0, 0, 0, 0, 0, 0, 0, 0, 0, 0, 0.0, 0, 0, 0, 0
1, 0.9444444444444444, 0.05555555555555555, 0, 0.0, 1, 1.0, 0, 0.0, 0, 0.0, 0, 0.0, 0, 0.0, 0, 0.0, 0, 0, 0, 0
1, 1.0, 0.0, 0, 0, 0, 0, 0, 0, 0, 0, 0, 0, 0, 0, 0, 0.0, 0, 0, 0, 0
1, 1.0, 0.0, 0, 0, 0, 0, 0, 0, 0, 0, 0, 0, 0, 0, 0, 0.0, 0, 0, 1, 0
1, 1.0, 0.0, 0, 0, 0, 0, 0, 0, 0, 0, 0, 0, 0, 0, 0, 0.0, 0, 0, 0, 0
1, 0.9333333333333333, 0.06666666666666667, 1, 1.0, 0, 0.0, 0, 0.0, 0, 0.0, 0, 0.0, 0, 0.0, 0, 0.0, 0, 0, 0, 0
1, 0.9, 0.1, 0, 0.0, 1, 1.0, 0, 0.0, 0, 0.0, 0, 0.0, 0, 0.0, 0, 0.0, 0, 0, 0, 0
1, 0.875, 0.125, 0, 0.0, 0, 0.0, 1, 1.0, 0, 0.0, 0, 0.0, 0, 0.0, 0, 0.0, 0, 0, 0, 0
1, 1.0, 0.0, 0, 0, 0, 0, 0, 0, 0, 0, 0, 0, 0, 0, 0, 0.0, 1, 0, 0, 0
1, 1.0, 0.0, 0, 0, 0, 0, 0, 0, 0, 0, 0, 0, 0, 0, 0, 0.0, 0, 0, 1, 0
1, 0.9230769230769231, 0.07692307692307693, 0, 0.0, 1, 1.0, 0, 0.0, 0, 0.0, 0, 0.0, 0, 0.0, 0, 0.0, 0, 0, 0, 0
1, 1.0, 0.0, 0, 0, 0, 0, 0, 0, 0, 0, 0, 0, 0, 0, 0, 0.0, 0, 0, 0, 0
1, 1.0, 0.0, 0, 0, 0, 0, 0, 0, 0, 0, 0, 0, 0, 0, 0, 0.0, 0, 0, 0, 0
1, 1.0, 0.0, 0, 0, 0, 0, 0, 0, 0, 0, 0, 0, 0, 0, 0, 0.0, 0, 0, 0, 0
1, 1.0, 0.0, 0, 0, 0, 0, 0, 0, 0, 0, 0, 0, 0, 0, 0, 0.0, 0, 0, 0, 0
1, 0.8333333333333334, 0.16666666666666666, 1, 1.0, 0, 0.0, 0, 0.0, 0, 0.0, 0, 0.0, 0, 0.0, 0, 0.0, 0, 0, 0, 0
1, 1.0, 0.0, 0, 0, 0, 0, 0, 0, 0, 0, 0, 0, 0, 0, 0, 0.0, 0, 0, 0, 0
1, 1.0, 0.0, 0, 0, 0, 0, 0, 0, 0, 0, 0, 0, 0, 0, 0, 0.0, 0, 0, 0, 0
1, 1.0, 0.0, 0, 0, 0, 0, 0, 0, 0, 0, 0, 0, 0, 0, 0, 0.0, 0, 0, 1, 0
1, 1.0, 0.0, 0, 0, 0, 0, 0, 0, 0, 0, 0, 0, 0, 0, 0, 0.0, 0, 0, 1, 0
1, 0.9090909090909091, 0.09090909090909091, 0, 0.0, 0, 0.0, 1, 1.0, 0, 0.0, 0, 0.0, 0, 0.0, 0, 0.0, 0, 0, 0, 0
1, 0.8571428571428571, 0.14285714285714285, 1, 1.0, 0, 0.0, 0, 0.0, 0, 0.0, 0, 0.0, 0, 0.0, 0, 0.0, 0, 0, 0, 0
1, 0.9, 0.1, 1, 1.0, 0, 0.0, 0, 0.0, 0, 0.0, 0, 0.0, 0, 0.0, 0, 0.0, 0, 0, 0, 0
1, 1.0, 0.0, 0, 0, 0, 0, 0, 0, 0, 0, 0, 0, 0, 0, 0, 0.0, 0, 0, 0, 0
1, 0.6842105263157895, 0.05263157894736842, 0, 0.0, 0, 0.0, 0, 0.0, 0, 0.0, 0, 0.0, 1, 1.0, 1, 0.2631578947368421, 0, 1, 0, 0
1, 1.0, 0.0, 0, 0, 0, 0, 0, 0, 0, 0, 0, 0, 0, 0, 0, 0.0, 0, 0, 0, 0
1, 1.0, 0.0, 0, 0, 0, 0, 0, 0, 0, 0, 0, 0, 0, 0, 0, 0.0, 0, 0, 0, 0
1, 1.0, 0.0, 0, 0, 0, 0, 0, 0, 0, 0, 0, 0, 0, 0, 0, 0.0, 0, 0, 0, 0
1, 0.9230769230769231, 0.07692307692307693, 1, 1.0, 0, 0.0, 0, 0.0, 0, 0.0, 0, 0.0, 0, 0.0, 0, 0.0, 0, 0, 1, 0
1, 0.9545454545454546, 0.045454545454545456, 0, 0.0, 1, 1.0, 0, 0.0, 0, 0.0, 0, 0.0, 0, 0.0, 0, 0.0, 0, 0, 0, 0
1, 1.0, 0.0, 0, 0, 0, 0, 0, 0, 0, 0, 0, 0, 0, 0, 0, 0.0, 0, 0, 0, 0
1, 1.0, 0.0, 0, 0, 0, 0, 0, 0, 0, 0, 0, 0, 0, 0, 0, 0.0, 0, 0, 0, 0
1, 1.0, 0.0, 0, 0, 0, 0, 0, 0, 0, 0, 0, 0, 0, 0, 0, 0.0, 1, 0, 0, 0
1, 0.6666666666666666, 0.0, 0, 0, 0, 0, 0, 0, 0, 0, 0, 0, 0, 0, 1, 0.3333333333333333, 0, 1, 0, 0
1, 1.0, 0.0, 0, 0, 0, 0, 0, 0, 0, 0, 0, 0, 0, 0, 0, 0.0, 0, 0, 0, 0
1, 0.8571428571428571, 0.0, 0, 0, 0, 0, 0, 0, 0, 0, 0, 0, 0, 0, 1, 0.14285714285714285, 0, 0, 0, 0
1, 1.0, 0.0, 0, 0, 0, 0, 0, 0, 0, 0, 0, 0, 0, 0, 0, 0.0, 0, 0, 0, 0
1, 1.0, 0.0, 0, 0, 0, 0, 0, 0, 0, 0, 0, 0, 0, 0, 0, 0.0, 0, 0, 0, 0
1, 0.8571428571428571, 0.14285714285714285, 0, 0.0, 0, 0.0, 0, 0.0, 0, 0.0, 0, 0.0, 1, 1.0, 0, 0.0, 0, 0, 0, 0
1, 1.0, 0.0, 0, 0, 0, 0, 0, 0, 0, 0, 0, 0, 0, 0, 0, 0.0, 0, 0, 0, 0
1, 1.0, 0.0, 0, 0, 0, 0, 0, 0, 0, 0, 0, 0, 0, 0, 0, 0.0, 0, 0, 0, 0
1, 0.9090909090909091, 0.09090909090909091, 1, 1.0, 0, 0.0, 0, 0.0, 0, 0.0, 0, 0.0, 0, 0.0, 0, 0.0, 0, 0, 0, 0
1, 1.0, 0.0, 0, 0, 0, 0, 0, 0, 0, 0, 0, 0, 0, 0, 0, 0.0, 0, 0, 0, 0
1, 0.9090909090909091, 0.09090909090909091, 0, 0.0, 0, 0.0, 1, 1.0, 0, 0.0, 0, 0.0, 0, 0.0, 0, 0.0, 0, 0, 0, 0
1, 1.0, 0.0, 0, 0, 0, 0, 0, 0, 0, 0, 0, 0, 0, 0, 0, 0.0, 0, 0, 1, 0
1, 1.0, 0.0, 0, 0, 0, 0, 0, 0, 0, 0, 0, 0, 0, 0, 0, 0.0, 0, 0, 1, 0
1, 0.8888888888888888, 0.1111111111111111, 0, 0.0, 0, 0.0, 0, 0.0, 0, 0.0, 0, 0.0, 1, 1.0, 0, 0.0, 0, 0, 1, 0
1, 1.0, 0.0, 0, 0, 0, 0, 0, 0, 0, 0, 0, 0, 0, 0, 0, 0.0, 0, 0, 0, 0
1, 1.0, 0.0, 0, 0, 0, 0, 0, 0, 0, 0, 0, 0, 0, 0, 0, 0.0, 0, 0, 0, 0
1, 1.0, 0.0, 0, 0, 0, 0, 0, 0, 0, 0, 0, 0, 0, 0, 0, 0.0, 1, 0, 0, 0
1, 1.0, 0.0, 0, 0, 0, 0, 0, 0, 0, 0, 0, 0, 0, 0, 0, 0.0, 0, 0, 0, 0
1, 1.0, 0.0, 0, 0, 0, 0, 0, 0, 0, 0, 0, 0, 0, 0, 0, 0.0, 0, 0, 0, 0
1, 1.0, 0.0, 0, 0, 0, 0, 0, 0, 0, 0, 0, 0, 0, 0, 0, 0.0, 0, 0, 0, 0
1, 0.8181818181818182, 0.18181818181818182, 0, 0.0, 0, 0.0, 0, 0.0, 0, 0.0, 1, 1.0, 0, 0.0, 0, 0.0, 0, 0, 0, 0
1, 1.0, 0.0, 0, 0, 0, 0, 0, 0, 0, 0, 0, 0, 0, 0, 0, 0.0, 0, 0, 1, 0
1, 0.9473684210526315, 0.05263157894736842, 0, 0.0, 1, 1.0, 0, 0.0, 0, 0.0, 0, 0.0, 0, 0.0, 0, 0.0, 0, 0, 0, 0
1, 0.95, 0.05, 0, 0.0, 0, 0.0, 0, 0.0, 0, 0.0, 0, 0.0, 1, 1.0, 0, 0.0, 0, 0, 1, 0
1, 0.9285714285714286, 0.07142857142857142, 1, 1.0, 0, 0.0, 0, 0.0, 0, 0.0, 0, 0.0, 0, 0.0, 0, 0.0, 0, 0, 0, 0
1, 0.8333333333333334, 0.16666666666666666, 1, 1.0, 0, 0.0, 0, 0.0, 0, 0.0, 0, 0.0, 0, 0.0, 0, 0.0, 0, 0, 0, 0
1, 1.0, 0.0, 0, 0, 0, 0, 0, 0, 0, 0, 0, 0, 0, 0, 0, 0.0, 0, 0, 0, 0
1, 1.0, 0.0, 0, 0, 0, 0, 0, 0, 0, 0, 0, 0, 0, 0, 0, 0.0, 1, 0, 0, 0
1, 1.0, 0.0, 0, 0, 0, 0, 0, 0, 0, 0, 0, 0, 0, 0, 0, 0.0, 0, 0, 0, 0
1, 1.0, 0.0, 0, 0, 0, 0, 0, 0, 0, 0, 0, 0, 0, 0, 0, 0.0, 0, 0, 0, 0
1, 0.9444444444444444, 0.05555555555555555, 0, 0.0, 0, 0.0, 1, 1.0, 0, 0.0, 0, 0.0, 0, 0.0, 0, 0.0, 0, 0, 1, 0
1, 1.0, 0.0, 0, 0, 0, 0, 0, 0, 0, 0, 0, 0, 0, 0, 0, 0.0, 0, 0, 0, 0
1, 1.0, 0.0, 0, 0, 0, 0, 0, 0, 0, 0, 0, 0, 0, 0, 0, 0.0, 0, 0, 0, 0
1, 1.0, 0.0, 0, 0, 0, 0, 0, 0, 0, 0, 0, 0, 0, 0, 0, 0.0, 0, 0, 0, 0
1, 1.0, 0.0, 0, 0, 0, 0, 0, 0, 0, 0, 0, 0, 0, 0, 0, 0.0, 0, 0, 0, 0
1, 0.8333333333333334, 0.16666666666666666, 1, 1.0, 0, 0.0, 0, 0.0, 0, 0.0, 0, 0.0, 0, 0.0, 0, 0.0, 0, 0, 0, 0
1, 1.0, 0.0, 0, 0, 0, 0, 0, 0, 0, 0, 0, 0, 0, 0, 0, 0.0, 0, 0, 0, 0
1, 1.0, 0.0, 0, 0, 0, 0, 0, 0, 0, 0, 0, 0, 0, 0, 0, 0.0, 0, 0, 0, 0
1, 1.0, 0.0, 0, 0, 0, 0, 0, 0, 0, 0, 0, 0, 0, 0, 0, 0.0, 0, 0, 0, 0
1, 1.0, 0.0, 0, 0, 0, 0, 0, 0, 0, 0, 0, 0, 0, 0, 0, 0.0, 0, 0, 0, 0
1, 0.8461538461538461, 0.15384615384615385, 1, 0.5, 0, 0.0, 1, 0.5, 0, 0.0, 0, 0.0, 0, 0.0, 0, 0.0, 0, 0, 0, 0
1, 0.875, 0.125, 0, 0.0, 1, 0.3333333333333333, 0, 0.0, 0, 0.0, 1, 0.6666666666666666, 0, 0.0, 0, 0.0, 1, 1, 0, 1
1, 1.0, 0.0, 0, 0, 0, 0, 0, 0, 0, 0, 0, 0, 0, 0, 0, 0.0, 0, 0, 1, 0
1, 0.8181818181818182, 0.18181818181818182, 0, 0.0, 0, 0.0, 0, 0.0, 0, 0.0, 1, 1.0, 0, 0.0, 0, 0.0, 0, 0, 0, 0
1, 0.9, 0.1, 0, 0.0, 0, 0.0, 1, 1.0, 0, 0.0, 0, 0.0, 0, 0.0, 0, 0.0, 0, 0, 1, 0
1, 0.8571428571428571, 0.14285714285714285, 0, 0.0, 1, 0.5, 1, 0.5, 0, 0.0, 0, 0.0, 0, 0.0, 0, 0.0, 0, 0, 1, 0
1, 0.8181818181818182, 0.18181818181818182, 1, 1.0, 0, 0.0, 0, 0.0, 0, 0.0, 0, 0.0, 0, 0.0, 0, 0.0, 0, 0, 0, 0
1, 0.8571428571428571, 0.14285714285714285, 0, 0.0, 0, 0.0, 0, 0.0, 0, 0.0, 0, 0.0, 1, 1.0, 0, 0.0, 0, 0, 1, 0
1, 0.8571428571428571, 0.14285714285714285, 0, 0.0, 0, 0.0, 0, 0.0, 0, 0.0, 0, 0.0, 1, 1.0, 0, 0.0, 0, 0, 0, 0
1, 1.0, 0.0, 0, 0, 0, 0, 0, 0, 0, 0, 0, 0, 0, 0, 0, 0.0, 0, 0, 0, 0
1, 1.0, 0.0, 0, 0, 0, 0, 0, 0, 0, 0, 0, 0, 0, 0, 0, 0.0, 0, 0, 0, 0
1, 0.9285714285714286, 0.07142857142857142, 0, 0.0, 0, 0.0, 0, 0.0, 0, 0.0, 0, 0.0, 1, 1.0, 0, 0.0, 0, 0, 0, 0
1, 0.8571428571428571, 0.14285714285714285, 0, 0.0, 1, 1.0, 0, 0.0, 0, 0.0, 0, 0.0, 0, 0.0, 0, 0.0, 0, 0, 0, 0
1, 1.0, 0.0, 0, 0, 0, 0, 0, 0, 0, 0, 0, 0, 0, 0, 0, 0.0, 0, 0, 0, 0
1, 1.0, 0.0, 0, 0, 0, 0, 0, 0, 0, 0, 0, 0, 0, 0, 0, 0.0, 0, 0, 0, 0
1, 0.8, 0.2, 1, 1.0, 0, 0.0, 0, 0.0, 0, 0.0, 0, 0.0, 0, 0.0, 0, 0.0, 0, 0, 0, 0
1, 1.0, 0.0, 0, 0, 0, 0, 0, 0, 0, 0, 0, 0, 0, 0, 0, 0.0, 0, 0, 0, 0
1, 0.875, 0.125, 1, 1.0, 0, 0.0, 0, 0.0, 0, 0.0, 0, 0.0, 0, 0.0, 0, 0.0, 0, 0, 0, 0
1, 1.0, 0.0, 0, 0, 0, 0, 0, 0, 0, 0, 0, 0, 0, 0, 0, 0.0, 0, 0, 0, 0
1, 0.9166666666666666, 0.08333333333333333, 0, 0.0, 1, 1.0, 0, 0.0, 0, 0.0, 0, 0.0, 0, 0.0, 0, 0.0, 1, 0, 1, 0
1, 1.0, 0.0, 0, 0, 0, 0, 0, 0, 0, 0, 0, 0, 0, 0, 0, 0.0, 0, 0, 1, 0
1, 1.0, 0.0, 0, 0, 0, 0, 0, 0, 0, 0, 0, 0, 0, 0, 0, 0.0, 0, 0, 0, 0
1, 1.0, 0.0, 0, 0, 0, 0, 0, 0, 0, 0, 0, 0, 0, 0, 0, 0.0, 0, 0, 1, 0
1, 0.875, 0.0, 0, 0, 0, 0, 0, 0, 0, 0, 0, 0, 0, 0, 1, 0.125, 0, 0, 0, 0
1, 0.9333333333333333, 0.0, 0, 0, 0, 0, 0, 0, 0, 0, 0, 0, 0, 0, 1, 0.06666666666666667, 0, 0, 1, 0
1, 1.0, 0.0, 0, 0, 0, 0, 0, 0, 0, 0, 0, 0, 0, 0, 0, 0.0, 0, 0, 0, 0
1, 0.9230769230769231, 0.07692307692307693, 0, 0.0, 1, 1.0, 0, 0.0, 0, 0.0, 0, 0.0, 0, 0.0, 0, 0.0, 0, 0, 1, 0
1, 0.8888888888888888, 0.1111111111111111, 0, 0.0, 1, 1.0, 0, 0.0, 0, 0.0, 0, 0.0, 0, 0.0, 0, 0.0, 0, 0, 0, 0
1, 0.8333333333333334, 0.16666666666666666, 1, 1.0, 0, 0.0, 0, 0.0, 0, 0.0, 0, 0.0, 0, 0.0, 0, 0.0, 0, 0, 0, 0
1, 1.0, 0.0, 0, 0, 0, 0, 0, 0, 0, 0, 0, 0, 0, 0, 0, 0.0, 1, 0, 0, 0
1, 0.8, 0.2, 0, 0.0, 1, 1.0, 0, 0.0, 0, 0.0, 0, 0.0, 0, 0.0, 0, 0.0, 0, 0, 0, 0
1, 1.0, 0.0, 0, 0, 0, 0, 0, 0, 0, 0, 0, 0, 0, 0, 0, 0.0, 0, 0, 1, 0
1, 1.0, 0.0, 0, 0, 0, 0, 0, 0, 0, 0, 0, 0, 0, 0, 0, 0.0, 0, 0, 1, 0
1, 1.0, 0.0, 0, 0, 0, 0, 0, 0, 0, 0, 0, 0, 0, 0, 0, 0.0, 0, 0, 0, 0
1, 0.875, 0.125, 1, 1.0, 0, 0.0, 0, 0.0, 0, 0.0, 0, 0.0, 0, 0.0, 0, 0.0, 0, 0, 0, 0
1, 0.9047619047619048, 0.09523809523809523, 0, 0.0, 0, 0.0, 0, 0.0, 0, 0.0, 1, 1.0, 0, 0.0, 0, 0.0, 0, 0, 0, 0
1, 1.0, 0.0, 0, 0, 0, 0, 0, 0, 0, 0, 0, 0, 0, 0, 0, 0.0, 0, 0, 0, 0
1, 0.8333333333333334, 0.16666666666666666, 1, 0.5, 1, 0.5, 0, 0.0, 0, 0.0, 0, 0.0, 0, 0.0, 0, 0.0, 0, 0, 0, 0
1, 0.9333333333333333, 0.06666666666666667, 0, 0.0, 1, 1.0, 0, 0.0, 0, 0.0, 0, 0.0, 0, 0.0, 0, 0.0, 0, 0, 1, 0
1, 0.9333333333333333, 0.0, 0, 0, 0, 0, 0, 0, 0, 0, 0, 0, 0, 0, 1, 0.06666666666666667, 0, 0, 0, 0
1, 0.9411764705882353, 0.058823529411764705, 0, 0.0, 0, 0.0, 0, 0.0, 0, 0.0, 0, 0.0, 1, 1.0, 0, 0.0, 1, 0, 0, 0
1, 1.0, 0.0, 0, 0, 0, 0, 0, 0, 0, 0, 0, 0, 0, 0, 0, 0.0, 0, 0, 0, 0
1, 1.0, 0.0, 0, 0, 0, 0, 0, 0, 0, 0, 0, 0, 0, 0, 0, 0.0, 0, 0, 0, 0
1, 0.8888888888888888, 0.1111111111111111, 0, 0.0, 0, 0.0, 0, 0.0, 0, 0.0, 0, 0.0, 1, 1.0, 0, 0.0, 0, 0, 0, 0
1, 1.0, 0.0, 0, 0, 0, 0, 0, 0, 0, 0, 0, 0, 0, 0, 0, 0.0, 0, 0, 1, 0
1, 1.0, 0.0, 0, 0, 0, 0, 0, 0, 0, 0, 0, 0, 0, 0, 0, 0.0, 0, 0, 0, 0
1, 1.0, 0.0, 0, 0, 0, 0, 0, 0, 0, 0, 0, 0, 0, 0, 0, 0.0, 0, 0, 0, 0
1, 1.0, 0.0, 0, 0, 0, 0, 0, 0, 0, 0, 0, 0, 0, 0, 0, 0.0, 0, 0, 0, 0
1, 1.0, 0.0, 0, 0, 0, 0, 0, 0, 0, 0, 0, 0, 0, 0, 0, 0.0, 0, 0, 0, 0
1, 0.9090909090909091, 0.09090909090909091, 0, 0.0, 0, 0.0, 0, 0.0, 0, 0.0, 0, 0.0, 1, 1.0, 0, 0.0, 0, 0, 0, 0
1, 1.0, 0.0, 0, 0, 0, 0, 0, 0, 0, 0, 0, 0, 0, 0, 0, 0.0, 0, 0, 1, 0
1, 1.0, 0.0, 0, 0, 0, 0, 0, 0, 0, 0, 0, 0, 0, 0, 0, 0.0, 0, 0, 1, 0
1, 1.0, 0.0, 0, 0, 0, 0, 0, 0, 0, 0, 0, 0, 0, 0, 0, 0.0, 0, 0, 0, 0
1, 1.0, 0.0, 0, 0, 0, 0, 0, 0, 0, 0, 0, 0, 0, 0, 0, 0.0, 0, 0, 0, 0
1, 1.0, 0.0, 0, 0, 0, 0, 0, 0, 0, 0, 0, 0, 0, 0, 0, 0.0, 0, 0, 0, 0
1, 0.9375, 0.0625, 0, 0.0, 0, 0.0, 0, 0.0, 0, 0.0, 0, 0.0, 1, 1.0, 0, 0.0, 0, 0, 0, 0
1, 1.0, 0.0, 0, 0, 0, 0, 0, 0, 0, 0, 0, 0, 0, 0, 0, 0.0, 0, 0, 0, 0
1, 1.0, 0.0, 0, 0, 0, 0, 0, 0, 0, 0, 0, 0, 0, 0, 0, 0.0, 0, 0, 0, 0
1, 0.875, 0.0625, 0, 0.0, 0, 0.0, 0, 0.0, 0, 0.0, 0, 0.0, 1, 1.0, 1, 0.0625, 0, 0, 0, 0
1, 1.0, 0.0, 0, 0, 0, 0, 0, 0, 0, 0, 0, 0, 0, 0, 0, 0.0, 0, 0, 1, 0
1, 0.9230769230769231, 0.07692307692307693, 0, 0.0, 1, 1.0, 0, 0.0, 0, 0.0, 0, 0.0, 0, 0.0, 0, 0.0, 0, 0, 0, 0
1, 1.0, 0.0, 0, 0, 0, 0, 0, 0, 0, 0, 0, 0, 0, 0, 0, 0.0, 0, 0, 0, 0
1, 1.0, 0.0, 0, 0, 0, 0, 0, 0, 0, 0, 0, 0, 0, 0, 0, 0.0, 0, 0, 1, 0
1, 1.0, 0.0, 0, 0, 0, 0, 0, 0, 0, 0, 0, 0, 0, 0, 0, 0.0, 0, 0, 0, 0
1, 0.75, 0.25, 1, 1.0, 0, 0.0, 0, 0.0, 0, 0.0, 0, 0.0, 0, 0.0, 0, 0.0, 0, 0, 1, 0
1, 1.0, 0.0, 0, 0, 0, 0, 0, 0, 0, 0, 0, 0, 0, 0, 0, 0.0, 0, 0, 1, 0
1, 0.8333333333333334, 0.16666666666666666, 1, 0.5, 0, 0.0, 0, 0.0, 0, 0.0, 0, 0.0, 1, 0.5, 0, 0.0, 1, 0, 0, 0
1, 0.8888888888888888, 0.1111111111111111, 0, 0.0, 0, 0.0, 0, 0.0, 0, 0.0, 0, 0.0, 1, 1.0, 0, 0.0, 0, 0, 0, 0
1, 1.0, 0.0, 0, 0, 0, 0, 0, 0, 0, 0, 0, 0, 0, 0, 0, 0.0, 0, 0, 1, 0
1, 1.0, 0.0, 0, 0, 0, 0, 0, 0, 0, 0, 0, 0, 0, 0, 0, 0.0, 0, 0, 0, 0
1, 1.0, 0.0, 0, 0, 0, 0, 0, 0, 0, 0, 0, 0, 0, 0, 0, 0.0, 0, 0, 1, 0
1, 0.9375, 0.0625, 1, 1.0, 0, 0.0, 0, 0.0, 0, 0.0, 0, 0.0, 0, 0.0, 0, 0.0, 0, 0, 0, 0
1, 1.0, 0.0, 0, 0, 0, 0, 0, 0, 0, 0, 0, 0, 0, 0, 0, 0.0, 0, 0, 0, 0
1, 1.0, 0.0, 0, 0, 0, 0, 0, 0, 0, 0, 0, 0, 0, 0, 0, 0.0, 0, 0, 0, 0
1, 0.9375, 0.0625, 1, 1.0, 0, 0.0, 0, 0.0, 0, 0.0, 0, 0.0, 0, 0.0, 0, 0.0, 0, 0, 0, 0
1, 0.8636363636363636, 0.13636363636363635, 0, 0.0, 1, 0.3333333333333333, 0, 0.0, 0, 0.0, 1, 0.6666666666666666, 0, 0.0, 0, 0.0, 0, 0, 0, 0
1, 0.8888888888888888, 0.1111111111111111, 0, 0.0, 1, 1.0, 0, 0.0, 0, 0.0, 0, 0.0, 0, 0.0, 0, 0.0, 0, 0, 0, 0
1, 0.875, 0.125, 1, 1.0, 0, 0.0, 0, 0.0, 0, 0.0, 0, 0.0, 0, 0.0, 0, 0.0, 0, 0, 0, 0
1, 0.8333333333333334, 0.16666666666666666, 1, 1.0, 0, 0.0, 0, 0.0, 0, 0.0, 0, 0.0, 0, 0.0, 0, 0.0, 0, 0, 0, 0
1, 1.0, 0.0, 0, 0, 0, 0, 0, 0, 0, 0, 0, 0, 0, 0, 0, 0.0, 0, 0, 0, 0
1, 1.0, 0.0, 0, 0, 0, 0, 0, 0, 0, 0, 0, 0, 0, 0, 0, 0.0, 0, 0, 0, 0
1, 0.9166666666666666, 0.0, 0, 0, 0, 0, 0, 0, 0, 0, 0, 0, 0, 0, 1, 0.08333333333333333, 0, 0, 0, 0
1, 1.0, 0.0, 0, 0, 0, 0, 0, 0, 0, 0, 0, 0, 0, 0, 0, 0.0, 0, 0, 0, 0
1, 1.0, 0.0, 0, 0, 0, 0, 0, 0, 0, 0, 0, 0, 0, 0, 0, 0.0, 0, 0, 0, 0
1, 0.8571428571428571, 0.14285714285714285, 0, 0.0, 1, 1.0, 0, 0.0, 0, 0.0, 0, 0.0, 0, 0.0, 0, 0.0, 0, 0, 0, 0
1, 0.875, 0.125, 0, 0.0, 1, 0.5, 1, 0.5, 0, 0.0, 0, 0.0, 0, 0.0, 0, 0.0, 0, 0, 0, 0
1, 0.875, 0.125, 1, 1.0, 0, 0.0, 0, 0.0, 0, 0.0, 0, 0.0, 0, 0.0, 0, 0.0, 0, 0, 0, 0
1, 0.9, 0.0, 0, 0, 0, 0, 0, 0, 0, 0, 0, 0, 0, 0, 1, 0.1, 0, 0, 0, 0
1, 1.0, 0.0, 0, 0, 0, 0, 0, 0, 0, 0, 0, 0, 0, 0, 0, 0.0, 0, 0, 1, 0
1, 0.9090909090909091, 0.09090909090909091, 1, 1.0, 0, 0.0, 0, 0.0, 0, 0.0, 0, 0.0, 0, 0.0, 0, 0.0, 0, 0, 1, 0
1, 0.9, 0.1, 0, 0.0, 0, 0.0, 0, 0.0, 0, 0.0, 0, 0.0, 1, 1.0, 0, 0.0, 0, 0, 0, 0
1, 1.0, 0.0, 0, 0, 0, 0, 0, 0, 0, 0, 0, 0, 0, 0, 0, 0.0, 0, 0, 0, 0
1, 0.8461538461538461, 0.07692307692307693, 1, 1.0, 0, 0.0, 0, 0.0, 0, 0.0, 0, 0.0, 0, 0.0, 1, 0.07692307692307693, 0, 0, 0, 0
1, 0.875, 0.125, 1, 1.0, 0, 0.0, 0, 0.0, 0, 0.0, 0, 0.0, 0, 0.0, 0, 0.0, 0, 0, 1, 0
1, 1.0, 0.0, 0, 0, 0, 0, 0, 0, 0, 0, 0, 0, 0, 0, 0, 0.0, 0, 0, 0, 0
1, 1.0, 0.0, 0, 0, 0, 0, 0, 0, 0, 0, 0, 0, 0, 0, 0, 0.0, 0, 0, 0, 0
1, 0.8461538461538461, 0.0, 0, 0, 0, 0, 0, 0, 0, 0, 0, 0, 0, 0, 1, 0.15384615384615385, 0, 1, 0, 0
1, 1.0, 0.0, 0, 0, 0, 0, 0, 0, 0, 0, 0, 0, 0, 0, 0, 0.0, 0, 0, 0, 0
1, 1.0, 0.0, 0, 0, 0, 0, 0, 0, 0, 0, 0, 0, 0, 0, 0, 0.0, 0, 0, 0, 0
1, 1.0, 0.0, 0, 0, 0, 0, 0, 0, 0, 0, 0, 0, 0, 0, 0, 0.0, 0, 0, 0, 0
1, 1.0, 0.0, 0, 0, 0, 0, 0, 0, 0, 0, 0, 0, 0, 0, 0, 0.0, 0, 0, 1, 0
1, 0.9444444444444444, 0.05555555555555555, 0, 0.0, 0, 0.0, 0, 0.0, 0, 0.0, 0, 0.0, 1, 1.0, 0, 0.0, 0, 0, 1, 0
1, 1.0, 0.0, 0, 0, 0, 0, 0, 0, 0, 0, 0, 0, 0, 0, 0, 0.0, 0, 0, 0, 0
1, 0.8333333333333334, 0.16666666666666666, 0, 0.0, 0, 0.0, 0, 0.0, 0, 0.0, 1, 0.6666666666666666, 1, 0.3333333333333333, 0, 0.0, 0, 0, 0, 0
1, 1.0, 0.0, 0, 0, 0, 0, 0, 0, 0, 0, 0, 0, 0, 0, 0, 0.0, 0, 0, 0, 0
1, 1.0, 0.0, 0, 0, 0, 0, 0, 0, 0, 0, 0, 0, 0, 0, 0, 0.0, 0, 0, 0, 0
1, 0.9375, 0.0, 0, 0, 0, 0, 0, 0, 0, 0, 0, 0, 0, 0, 1, 0.0625, 0, 0, 0, 0
1, 1.0, 0.0, 0, 0, 0, 0, 0, 0, 0, 0, 0, 0, 0, 0, 0, 0.0, 0, 0, 0, 0
1, 0.8571428571428571, 0.14285714285714285, 1, 1.0, 0, 0.0, 0, 0.0, 0, 0.0, 0, 0.0, 0, 0.0, 0, 0.0, 0, 0, 0, 0
1, 1.0, 0.0, 0, 0, 0, 0, 0, 0, 0, 0, 0, 0, 0, 0, 0, 0.0, 0, 0, 0, 0
1, 1.0, 0.0, 0, 0, 0, 0, 0, 0, 0, 0, 0, 0, 0, 0, 0, 0.0, 0, 0, 0, 0
1, 0.9230769230769231, 0.07692307692307693, 0, 0.0, 0, 0.0, 0, 0.0, 0, 0.0, 0, 0.0, 1, 1.0, 0, 0.0, 0, 0, 1, 0
1, 0.9, 0.1, 0, 0.0, 1, 1.0, 0, 0.0, 0, 0.0, 0, 0.0, 0, 0.0, 0, 0.0, 0, 0, 0, 0
1, 1.0, 0.0, 0, 0, 0, 0, 0, 0, 0, 0, 0, 0, 0, 0, 0, 0.0, 0, 0, 0, 0
1, 0.9230769230769231, 0.07692307692307693, 0, 0.0, 1, 1.0, 0, 0.0, 0, 0.0, 0, 0.0, 0, 0.0, 0, 0.0, 0, 0, 0, 0
1, 0.9090909090909091, 0.09090909090909091, 1, 1.0, 0, 0.0, 0, 0.0, 0, 0.0, 0, 0.0, 0, 0.0, 0, 0.0, 0, 0, 0, 0
1, 1.0, 0.0, 0, 0, 0, 0, 0, 0, 0, 0, 0, 0, 0, 0, 0, 0.0, 0, 0, 0, 0
1, 0.9285714285714286, 0.07142857142857142, 0, 0.0, 1, 1.0, 0, 0.0, 0, 0.0, 0, 0.0, 0, 0.0, 0, 0.0, 1, 0, 1, 0
1, 1.0, 0.0, 0, 0, 0, 0, 0, 0, 0, 0, 0, 0, 0, 0, 0, 0.0, 1, 0, 1, 0
1, 0.95, 0.05, 0, 0.0, 0, 0.0, 0, 0.0, 0, 0.0, 0, 0.0, 1, 1.0, 0, 0.0, 0, 0, 0, 0
1, 0.8, 0.2, 1, 1.0, 0, 0.0, 0, 0.0, 0, 0.0, 0, 0.0, 0, 0.0, 0, 0.0, 0, 0, 0, 0
1, 0.8333333333333334, 0.16666666666666666, 1, 1.0, 0, 0.0, 0, 0.0, 0, 0.0, 0, 0.0, 0, 0.0, 0, 0.0, 1, 0, 0, 0
1, 0.625, 0.375, 1, 1.0, 0, 0.0, 0, 0.0, 0, 0.0, 0, 0.0, 0, 0.0, 0, 0.0, 0, 1, 1, 0
1, 1.0, 0.0, 0, 0, 0, 0, 0, 0, 0, 0, 0, 0, 0, 0, 0, 0.0, 1, 0, 0, 0
1, 1.0, 0.0, 0, 0, 0, 0, 0, 0, 0, 0, 0, 0, 0, 0, 0, 0.0, 0, 0, 0, 0
1, 1.0, 0.0, 0, 0, 0, 0, 0, 0, 0, 0, 0, 0, 0, 0, 0, 0.0, 0, 0, 0, 0
1, 1.0, 0.0, 0, 0, 0, 0, 0, 0, 0, 0, 0, 0, 0, 0, 0, 0.0, 0, 0, 0, 0
1, 0.8421052631578947, 0.15789473684210525, 0, 0.0, 0, 0.0, 0, 0.0, 0, 0.0, 1, 0.6666666666666666, 1, 0.3333333333333333, 0, 0.0, 0, 0, 0, 0
1, 0.8333333333333334, 0.16666666666666666, 1, 1.0, 0, 0.0, 0, 0.0, 0, 0.0, 0, 0.0, 0, 0.0, 0, 0.0, 0, 0, 0, 0
1, 0.8, 0.2, 1, 1.0, 0, 0.0, 0, 0.0, 0, 0.0, 0, 0.0, 0, 0.0, 0, 0.0, 0, 0, 0, 0
1, 0.8888888888888888, 0.1111111111111111, 0, 0.0, 1, 1.0, 0, 0.0, 0, 0.0, 0, 0.0, 0, 0.0, 0, 0.0, 0, 0, 0, 0
1, 1.0, 0.0, 0, 0, 0, 0, 0, 0, 0, 0, 0, 0, 0, 0, 0, 0.0, 0, 0, 0, 0
1, 1.0, 0.0, 0, 0, 0, 0, 0, 0, 0, 0, 0, 0, 0, 0, 0, 0.0, 0, 0, 0, 0
1, 1.0, 0.0, 0, 0, 0, 0, 0, 0, 0, 0, 0, 0, 0, 0, 0, 0.0, 0, 0, 0, 0
1, 1.0, 0.0, 0, 0, 0, 0, 0, 0, 0, 0, 0, 0, 0, 0, 0, 0.0, 0, 0, 0, 0
1, 1.0, 0.0, 0, 0, 0, 0, 0, 0, 0, 0, 0, 0, 0, 0, 0, 0.0, 0, 0, 1, 0
1, 1.0, 0.0, 0, 0, 0, 0, 0, 0, 0, 0, 0, 0, 0, 0, 0, 0.0, 1, 0, 1, 0
1, 1.0, 0.0, 0, 0, 0, 0, 0, 0, 0, 0, 0, 0, 0, 0, 0, 0.0, 1, 0, 0, 0
1, 1.0, 0.0, 0, 0, 0, 0, 0, 0, 0, 0, 0, 0, 0, 0, 0, 0.0, 0, 0, 0, 0
1, 1.0, 0.0, 0, 0, 0, 0, 0, 0, 0, 0, 0, 0, 0, 0, 0, 0.0, 0, 0, 0, 0
1, 1.0, 0.0, 0, 0, 0, 0, 0, 0, 0, 0, 0, 0, 0, 0, 0, 0.0, 0, 0, 0, 0
1, 1.0, 0.0, 0, 0, 0, 0, 0, 0, 0, 0, 0, 0, 0, 0, 0, 0.0, 0, 0, 0, 0
1, 1.0, 0.0, 0, 0, 0, 0, 0, 0, 0, 0, 0, 0, 0, 0, 0, 0.0, 0, 0, 0, 0
1, 1.0, 0.0, 0, 0, 0, 0, 0, 0, 0, 0, 0, 0, 0, 0, 0, 0.0, 0, 0, 0, 0
1, 1.0, 0.0, 0, 0, 0, 0, 0, 0, 0, 0, 0, 0, 0, 0, 0, 0.0, 0, 0, 0, 0
1, 1.0, 0.0, 0, 0, 0, 0, 0, 0, 0, 0, 0, 0, 0, 0, 0, 0.0, 0, 0, 0, 0
1, 0.9375, 0.0625, 0, 0.0, 1, 1.0, 0, 0.0, 0, 0.0, 0, 0.0, 0, 0.0, 0, 0.0, 0, 0, 0, 0
1, 1.0, 0.0, 0, 0, 0, 0, 0, 0, 0, 0, 0, 0, 0, 0, 0, 0.0, 1, 0, 1, 0
1, 1.0, 0.0, 0, 0, 0, 0, 0, 0, 0, 0, 0, 0, 0, 0, 0, 0.0, 0, 0, 0, 0
1, 1.0, 0.0, 0, 0, 0, 0, 0, 0, 0, 0, 0, 0, 0, 0, 0, 0.0, 0, 0, 0, 0
1, 1.0, 0.0, 0, 0, 0, 0, 0, 0, 0, 0, 0, 0, 0, 0, 0, 0.0, 0, 0, 0, 0
1, 1.0, 0.0, 0, 0, 0, 0, 0, 0, 0, 0, 0, 0, 0, 0, 0, 0.0, 0, 0, 0, 0
1, 0.8333333333333334, 0.16666666666666666, 0, 0.0, 1, 1.0, 0, 0.0, 0, 0.0, 0, 0.0, 0, 0.0, 0, 0.0, 0, 0, 1, 0
1, 1.0, 0.0, 0, 0, 0, 0, 0, 0, 0, 0, 0, 0, 0, 0, 0, 0.0, 0, 0, 0, 0
1, 1.0, 0.0, 0, 0, 0, 0, 0, 0, 0, 0, 0, 0, 0, 0, 0, 0.0, 0, 0, 0, 0
1, 0.9285714285714286, 0.0, 0, 0, 0, 0, 0, 0, 0, 0, 0, 0, 0, 0, 1, 0.07142857142857142, 0, 0, 1, 0
1, 1.0, 0.0, 0, 0, 0, 0, 0, 0, 0, 0, 0, 0, 0, 0, 0, 0.0, 0, 0, 0, 0
1, 1.0, 0.0, 0, 0, 0, 0, 0, 0, 0, 0, 0, 0, 0, 0, 0, 0.0, 0, 0, 0, 0
1, 1.0, 0.0, 0, 0, 0, 0, 0, 0, 0, 0, 0, 0, 0, 0, 0, 0.0, 0, 0, 1, 0
1, 1.0, 0.0, 0, 0, 0, 0, 0, 0, 0, 0, 0, 0, 0, 0, 0, 0.0, 0, 0, 0, 0
1, 0.8666666666666667, 0.13333333333333333, 0, 0.0, 0, 0.0, 0, 0.0, 0, 0.0, 1, 1.0, 0, 0.0, 0, 0.0, 1, 0, 0, 0
1, 1.0, 0.0, 0, 0, 0, 0, 0, 0, 0, 0, 0, 0, 0, 0, 0, 0.0, 0, 0, 0, 0
1, 1.0, 0.0, 0, 0, 0, 0, 0, 0, 0, 0, 0, 0, 0, 0, 0, 0.0, 0, 0, 0, 0
1, 0.9375, 0.0625, 0, 0.0, 0, 0.0, 0, 0.0, 0, 0.0, 0, 0.0, 1, 1.0, 0, 0.0, 0, 0, 0, 0
1, 1.0, 0.0, 0, 0, 0, 0, 0, 0, 0, 0, 0, 0, 0, 0, 0, 0.0, 0, 0, 1, 0
1, 0.9166666666666666, 0.08333333333333333, 1, 1.0, 0, 0.0, 0, 0.0, 0, 0.0, 0, 0.0, 0, 0.0, 0, 0.0, 0, 0, 1, 0
1, 0.9333333333333333, 0.06666666666666667, 0, 0.0, 0, 0.0, 1, 1.0, 0, 0.0, 0, 0.0, 0, 0.0, 0, 0.0, 0, 0, 1, 0
1, 0.7, 0.3, 1, 1.0, 0, 0.0, 0, 0.0, 0, 0.0, 0, 0.0, 0, 0.0, 0, 0.0, 0, 1, 0, 0
1, 1.0, 0.0, 0, 0, 0, 0, 0, 0, 0, 0, 0, 0, 0, 0, 0, 0.0, 0, 0, 0, 0
1, 0.8571428571428571, 0.14285714285714285, 1, 1.0, 0, 0.0, 0, 0.0, 0, 0.0, 0, 0.0, 0, 0.0, 0, 0.0, 0, 0, 0, 0
1, 1.0, 0.0, 0, 0, 0, 0, 0, 0, 0, 0, 0, 0, 0, 0, 0, 0.0, 0, 0, 0, 0
1, 0.8888888888888888, 0.1111111111111111, 1, 1.0, 0, 0.0, 0, 0.0, 0, 0.0, 0, 0.0, 0, 0.0, 0, 0.0, 0, 0, 0, 0
1, 1.0, 0.0, 0, 0, 0, 0, 0, 0, 0, 0, 0, 0, 0, 0, 0, 0.0, 0, 0, 0, 0
1, 0.8888888888888888, 0.1111111111111111, 0, 0.0, 0, 0.0, 0, 0.0, 0, 0.0, 0, 0.0, 1, 1.0, 0, 0.0, 0, 0, 0, 0
1, 1.0, 0.0, 0, 0, 0, 0, 0, 0, 0, 0, 0, 0, 0, 0, 0, 0.0, 0, 0, 0, 0
1, 0.8421052631578947, 0.15789473684210525, 1, 0.3333333333333333, 0, 0.0, 0, 0.0, 0, 0.0, 1, 0.6666666666666666, 0, 0.0, 0, 0.0, 0, 0, 0, 0
1, 1.0, 0.0, 0, 0, 0, 0, 0, 0, 0, 0, 0, 0, 0, 0, 0, 0.0, 0, 0, 0, 0
1, 1.0, 0.0, 0, 0, 0, 0, 0, 0, 0, 0, 0, 0, 0, 0, 0, 0.0, 0, 0, 0, 0
