0, 0.8333333333333334, 0.16666666666666666, 0, 0.0, 0, 0.0, 0, 0.0, 0, 0.0, 1, 1.0, 0, 0.0, 0, 0.0, 1, 0, 0, 0
0, 1.0, 0.0, 0, 0, 0, 0, 0, 0, 0, 0, 0, 0, 0, 0, 0, 0.0, 0, 0, 0, 0
0, 1.0, 0.0, 0, 0, 0, 0, 0, 0, 0, 0, 0, 0, 0, 0, 0, 0.0, 0, 0, 0, 0
0, 1.0, 0.0, 0, 0, 0, 0, 0, 0, 0, 0, 0, 0, 0, 0, 0, 0.0, 0, 0, 0, 0
0, 0.875, 0.0, 0, 0, 0, 0, 0, 0, 0, 0, 0, 0, 0, 0, 1, 0.125, 0, 0, 0, 0
0, 0.9583333333333334, 0.0, 0, 0, 0, 0, 0, 0, 0, 0, 0, 0, 0, 0, 1, 0.041666666666666664, 0, 0, 1, 0
0, 0.9, 0.1, 0, 0.0, 0, 0.0, 0, 0.0, 0, 0.0, 1, 1.0, 0, 0.0, 0, 0.0, 0, 0, 0, 0
0, 0.4, 0.2, 1, 1.0, 0, 0.0, 0, 0.0, 0, 0.0, 0, 0.0, 0, 0.0, 1, 0.4, 0, 0, 0, 0
0, 0.8571428571428571, 0.14285714285714285, 1, 1.0, 0, 0.0, 0, 0.0, 0, 0.0, 0, 0.0, 0, 0.0, 0, 0.0, 0, 0, 0, 0
0, 1.0, 0.0, 0, 0, 0, 0, 0, 0, 0, 0, 0, 0, 0, 0, 0, 0.0, 0, 0, 0, 0
0, 0.875, 0.125, 0, 0.0, 0, 0.0, 0, 0.0, 0, 0.0, 1, 1.0, 0, 0.0, 0, 0.0, 0, 0, 0, 0
0, 1.0, 0.0, 0, 0, 0, 0, 0, 0, 0, 0, 0, 0, 0, 0, 0, 0.0, 0, 0, 0, 0
0, 1.0, 0.0, 0, 0, 0, 0, 0, 0, 0, 0, 0, 0, 0, 0, 0, 0.0, 0, 0, 0, 0
0, 0.8, 0.2, 0, 0.0, 0, 0.0, 0, 0.0, 0, 0.0, 1, 1.0, 0, 0.0, 0, 0.0, 0, 0, 0, 0
0, 1.0, 0.0, 0, 0, 0, 0, 0, 0, 0, 0, 0, 0, 0, 0, 0, 0.0, 0, 0, 1, 0
0, 1.0, 0.0, 0, 0, 0, 0, 0, 0, 0, 0, 0, 0, 0, 0, 0, 0.0, 0, 0, 0, 0
0, 1.0, 0.0, 0, 0, 0, 0, 0, 0, 0, 0, 0, 0, 0, 0, 0, 0.0, 0, 0, 0, 0
0, 1.0, 0.0, 0, 0, 0, 0, 0, 0, 0, 0, 0, 0, 0, 0, 0, 0.0, 0, 0, 1, 0
0, 1.0, 0.0, 0, 0, 0, 0, 0, 0, 0, 0, 0, 0, 0, 0, 0, 0.0, 0, 0, 0, 0
0, 0.8888888888888888, 0.1111111111111111, 0, 0.0, 0, 0.0, 0, 0.0, 0, 0.0, 1, 1.0, 0, 0.0, 0, 0.0, 0, 0, 0, 0
0, 0.9230769230769231, 0.0, 0, 0, 0, 0, 0, 0, 0, 0, 0, 0, 0, 0, 1, 0.07692307692307693, 0, 0, 0, 0
0, 1.0, 0.0, 0, 0, 0, 0, 0, 0, 0, 0, 0, 0, 0, 0, 0, 0.0, 0, 0, 0, 0
0, 0.8571428571428571, 0.0, 0, 0, 0, 0, 0, 0, 0, 0, 0, 0, 0, 0, 1, 0.14285714285714285, 0, 0, 1, 0
0, 0.8461538461538461, 0.15384615384615385, 0, 0.0, 0, 0.0, 0, 0.0, 0, 0.0, 1, 1.0, 0, 0.0, 0, 0.0, 0, 0, 1, 0
0, 1.0, 0.0, 0, 0, 0, 0, 0, 0, 0, 0, 0, 0, 0, 0, 0, 0.0, 0, 0, 0, 0
0, 1.0, 0.0, 0, 0, 0, 0, 0, 0, 0, 0, 0, 0, 0, 0, 0, 0.0, 0, 0, 0, 0
0, 1.0, 0.0, 0, 0, 0, 0, 0, 0, 0, 0, 0, 0, 0, 0, 0, 0.0, 0, 0, 0, 0
0, 1.0, 0.0, 0, 0, 0, 0, 0, 0, 0, 0, 0, 0, 0, 0, 0, 0.0, 0, 0, 0, 0
0, 1.0, 0.0, 0, 0, 0, 0, 0, 0, 0, 0, 0, 0, 0, 0, 0, 0.0, 0, 0, 0, 0
0, 1.0, 0.0, 0, 0, 0, 0, 0, 0, 0, 0, 0, 0, 0, 0, 0, 0.0, 0, 0, 0, 0
0, 0.8421052631578947, 0.0, 0, 0, 0, 0, 0, 0, 0, 0, 0, 0, 0, 0, 1, 0.15789473684210525, 0, 1, 1, 0
0, 1.0, 0.0, 0, 0, 0, 0, 0, 0, 0, 0, 0, 0, 0, 0, 0, 0.0, 0, 0, 0, 0
0, 1.0, 0.0, 0, 0, 0, 0, 0, 0, 0, 0, 0, 0, 0, 0, 0, 0.0, 0, 0, 1, 0
0, 1.0, 0.0, 0, 0, 0, 0, 0, 0, 0, 0, 0, 0, 0, 0, 0, 0.0, 0, 0, 0, 0
0, 1.0, 0.0, 0, 0, 0, 0, 0, 0, 0, 0, 0, 0, 0, 0, 0, 0.0, 0, 0, 0, 0
0, 1.0, 0.0, 0, 0, 0, 0, 0, 0, 0, 0, 0, 0, 0, 0, 0, 0.0, 0, 0, 1, 0
0, 1.0, 0.0, 0, 0, 0, 0, 0, 0, 0, 0, 0, 0, 0, 0, 0, 0.0, 0, 0, 0, 0
0, 0.9285714285714286, 0.0, 0, 0, 0, 0, 0, 0, 0, 0, 0, 0, 0, 0, 1, 0.07142857142857142, 0, 0, 0, 0
0, 0.8571428571428571, 0.14285714285714285, 0, 0.0, 1, 1.0, 0, 0.0, 0, 0.0, 0, 0.0, 0, 0.0, 0, 0.0, 0, 0, 0, 0
0, 1.0, 0.0, 0, 0, 0, 0, 0, 0, 0, 0, 0, 0, 0, 0, 0, 0.0, 0, 0, 0, 0
0, 1.0, 0.0, 0, 0, 0, 0, 0, 0, 0, 0, 0, 0, 0, 0, 0, 0.0, 0, 0, 0, 0
0, 1.0, 0.0, 0, 0, 0, 0, 0, 0, 0, 0, 0, 0, 0, 0, 0, 0.0, 0, 0, 0, 0
0, 1.0, 0.0, 0, 0, 0, 0, 0, 0, 0, 0, 0, 0, 0, 0, 0, 0.0, 0, 0, 0, 0
0, 0.9166666666666666, 0.0, 0, 0, 0, 0, 0, 0, 0, 0, 0, 0, 0, 0, 1, 0.08333333333333333, 0, 0, 1, 0
0, 1.0, 0.0, 0, 0, 0, 0, 0, 0, 0, 0, 0, 0, 0, 0, 0, 0.0, 0, 0, 0, 0
0, 1.0, 0.0, 0, 0, 0, 0, 0, 0, 0, 0, 0, 0, 0, 0, 0, 0.0, 1, 0, 0, 0
0, 1.0, 0.0, 0, 0, 0, 0, 0, 0, 0, 0, 0, 0, 0, 0, 0, 0.0, 0, 0, 0, 0
0, 0.8571428571428571, 0.0, 0, 0, 0, 0, 0, 0, 0, 0, 0, 0, 0, 0, 1, 0.14285714285714285, 0, 0, 0, 0
0, 1.0, 0.0, 0, 0, 0, 0, 0, 0, 0, 0, 0, 0, 0, 0, 0, 0.0, 0, 0, 0, 0
0, 1.0, 0.0, 0, 0, 0, 0, 0, 0, 0, 0, 0, 0, 0, 0, 0, 0.0, 0, 0, 1, 0
0, 1.0, 0.0, 0, 0, 0, 0, 0, 0, 0, 0, 0, 0, 0, 0, 0, 0.0, 0, 0, 0, 0
0, 1.0, 0.0, 0, 0, 0, 0, 0, 0, 0, 0, 0, 0, 0, 0, 0, 0.0, 0, 0, 0, 0
0, 1.0, 0.0, 0, 0, 0, 0, 0, 0, 0, 0, 0, 0, 0, 0, 0, 0.0, 0, 0, 1, 0
0, 1.0, 0.0, 0, 0, 0, 0, 0, 0, 0, 0, 0, 0, 0, 0, 0, 0.0, 0, 0, 0, 0
0, 1.0, 0.0, 0, 0, 0, 0, 0, 0, 0, 0, 0, 0, 0, 0, 0, 0.0, 0, 0, 0, 0
0, 1.0, 0.0, 0, 0, 0, 0, 0, 0, 0, 0, 0, 0, 0, 0, 0, 0.0, 0, 0, 1, 0
0, 1.0, 0.0, 0, 0, 0, 0, 0, 0, 0, 0, 0, 0, 0, 0, 0, 0.0, 0, 0, 0, 0
0, 1.0, 0.0, 0, 0, 0, 0, 0, 0, 0, 0, 0, 0, 0, 0, 0, 0.0, 0, 0, 1, 0
0, 1.0, 0.0, 0, 0, 0, 0, 0, 0, 0, 0, 0, 0, 0, 0, 0, 0.0, 0, 0, 0, 0
0, 0.9166666666666666, 0.08333333333333333, 0, 0.0, 1, 1.0, 0, 0.0, 0, 0.0, 0, 0.0, 0, 0.0, 0, 0.0, 0, 0, 0, 0
0, 1.0, 0.0, 0, 0, 0, 0, 0, 0, 0, 0, 0, 0, 0, 0, 0, 0.0, 0, 0, 0, 0
0, 0.8823529411764706, 0.0, 0, 0, 0, 0, 0, 0, 0, 0, 0, 0, 0, 0, 1, 0.11764705882352941, 0, 0, 1, 0
0, 1.0, 0.0, 0, 0, 0, 0, 0, 0, 0, 0, 0, 0, 0, 0, 0, 0.0, 0, 0, 0, 0
0, 1.0, 0.0, 0, 0, 0, 0, 0, 0, 0, 0, 0, 0, 0, 0, 0, 0.0, 0, 0, 0, 0
0, 0.9411764705882353, 0.0, 0, 0, 0, 0, 0, 0, 0, 0, 0, 0, 0, 0, 1, 0.058823529411764705, 0, 0, 0, 0
0, 1.0, 0.0, 0, 0, 0, 0, 0, 0, 0, 0, 0, 0, 0, 0, 0, 0.0, 0, 0, 0, 0
0, 0.875, 0.0, 0, 0, 0, 0, 0, 0, 0, 0, 0, 0, 0, 0, 1, 0.125, 0, 0, 0, 0
0, 1.0, 0.0, 0, 0, 0, 0, 0, 0, 0, 0, 0, 0, 0, 0, 0, 0.0, 0, 0, 0, 0
0, 0.7058823529411765, 0.29411764705882354, 0, 0.0, 1, 0.6, 0, 0.0, 0, 0.0, 1, 0.4, 0, 0.0, 0, 0.0, 0, 1, 1, 1
0, 1.0, 0.0, 0, 0, 0, 0, 0, 0, 0, 0, 0, 0, 0, 0, 0, 0.0, 0, 0, 0, 0
0, 1.0, 0.0, 0, 0, 0, 0, 0, 0, 0, 0, 0, 0, 0, 0, 0, 0.0, 0, 0, 0, 0
0, 1.0, 0.0, 0, 0, 0, 0, 0, 0, 0, 0, 0, 0, 0, 0, 0, 0.0, 0, 0, 0, 0
0, 1.0, 0.0, 0, 0, 0, 0, 0, 0, 0, 0, 0, 0, 0, 0, 0, 0.0, 0, 0, 0, 0
0, 1.0, 0.0, 0, 0, 0, 0, 0, 0, 0, 0, 0, 0, 0, 0, 0, 0.0, 0, 0, 0, 0
0, 0.8333333333333334, 0.0, 0, 0, 0, 0, 0, 0, 0, 0, 0, 0, 0, 0, 1, 0.16666666666666666, 0, 0, 0, 0
0, 1.0, 0.0, 0, 0, 0, 0, 0, 0, 0, 0, 0, 0, 0, 0, 0, 0.0, 0, 0, 0, 0
0, 1.0, 0.0, 0, 0, 0, 0, 0, 0, 0, 0, 0, 0, 0, 0, 0, 0.0, 0, 0, 0, 0
0, 0.9090909090909091, 0.0, 0, 0, 0, 0, 0, 0, 0, 0, 0, 0, 0, 0, 1, 0.09090909090909091, 0, 0, 0, 0
0, 1.0, 0.0, 0, 0, 0, 0, 0, 0, 0, 0, 0, 0, 0, 0, 0, 0.0, 0, 0, 0, 0
0, 1.0, 0.0, 0, 0, 0, 0, 0, 0, 0, 0, 0, 0, 0, 0, 0, 0.0, 0, 0, 0, 0
0, 1.0, 0.0, 0, 0, 0, 0, 0, 0, 0, 0, 0, 0, 0, 0, 0, 0.0, 0, 0, 0, 0
0, 1.0, 0.0, 0, 0, 0, 0, 0, 0, 0, 0, 0, 0, 0, 0, 0, 0.0, 1, 0, 0, 0
0, 1.0, 0.0, 0, 0, 0, 0, 0, 0, 0, 0, 0, 0, 0, 0, 0, 0.0, 0, 0, 0, 0
0, 0.8333333333333334, 0.16666666666666666, 0, 0.0, 0, 0.0, 0, 0.0, 0, 0.0, 0, 0.0, 1, 1.0, 0, 0.0, 0, 0, 0, 0
0, 0.9166666666666666, 0.08333333333333333, 0, 0.0, 1, 1.0, 0, 0.0, 0, 0.0, 0, 0.0, 0, 0.0, 0, 0.0, 0, 0, 0, 0
0, 0.8333333333333334, 0.0, 0, 0, 0, 0, 0, 0, 0, 0, 0, 0, 0, 0, 1, 0.16666666666666666, 0, 0, 0, 0
0, 0.68, 0.0, 0, 0, 0, 0, 0, 0, 0, 0, 0, 0, 0, 0, 1, 0.32, 0, 1, 1, 0
0, 1.0, 0.0, 0, 0, 0, 0, 0, 0, 0, 0, 0, 0, 0, 0, 0, 0.0, 0, 0, 0, 0
0, 1.0, 0.0, 0, 0, 0, 0, 0, 0, 0, 0, 0, 0, 0, 0, 0, 0.0, 0, 0, 0, 0
0, 0.875, 0.125, 0, 0.0, 1, 1.0, 0, 0.0, 0, 0.0, 0, 0.0, 0, 0.0, 0, 0.0, 0, 0, 0, 0
0, 1.0, 0.0, 0, 0, 0, 0, 0, 0, 0, 0, 0, 0, 0, 0, 0, 0.0, 0, 0, 1, 0
0, 1.0, 0.0, 0, 0, 0, 0, 0, 0, 0, 0, 0, 0, 0, 0, 0, 0.0, 0, 0, 0, 0
0, 1.0, 0.0, 0, 0, 0, 0, 0, 0, 0, 0, 0, 0, 0, 0, 0, 0.0, 0, 0, 0, 0
0, 1.0, 0.0, 0, 0, 0, 0, 0, 0, 0, 0, 0, 0, 0, 0, 0, 0.0, 0, 0, 0, 0
0, 0.875, 0.125, 0, 0.0, 1, 1.0, 0, 0.0, 0, 0.0, 0, 0.0, 0, 0.0, 0, 0.0, 0, 0, 0, 0
0, 1.0, 0.0, 0, 0, 0, 0, 0, 0, 0, 0, 0, 0, 0, 0, 0, 0.0, 0, 0, 1, 0
0, 1.0, 0.0, 0, 0, 0, 0, 0, 0, 0, 0, 0, 0, 0, 0, 0, 0.0, 0, 0, 0, 0
0, 1.0, 0.0, 0, 0, 0, 0, 0, 0, 0, 0, 0, 0, 0, 0, 0, 0.0, 0, 0, 0, 0
0, 0.7857142857142857, 0.07142857142857142, 1, 1.0, 0, 0.0, 0, 0.0, 0, 0.0, 0, 0.0, 0, 0.0, 1, 0.14285714285714285, 0, 0, 1, 0
0, 0.9, 0.1, 0, 0.0, 1, 1.0, 0, 0.0, 0, 0.0, 0, 0.0, 0, 0.0, 0, 0.0, 0, 0, 1, 0
0, 0.9166666666666666, 0.08333333333333333, 0, 0.0, 1, 1.0, 0, 0.0, 0, 0.0, 0, 0.0, 0, 0.0, 0, 0.0, 0, 0, 1, 0
0, 1.0, 0.0, 0, 0, 0, 0, 0, 0, 0, 0, 0, 0, 0, 0, 0, 0.0, 0, 0, 1, 0
0, 1.0, 0.0, 0, 0, 0, 0, 0, 0, 0, 0, 0, 0, 0, 0, 0, 0.0, 0, 0, 0, 0
0, 1.0, 0.0, 0, 0, 0, 0, 0, 0, 0, 0, 0, 0, 0, 0, 0, 0.0, 0, 0, 1, 0
0, 1.0, 0.0, 0, 0, 0, 0, 0, 0, 0, 0, 0, 0, 0, 0, 0, 0.0, 0, 0, 0, 0
0, 0.8571428571428571, 0.14285714285714285, 0, 0.0, 0, 0.0, 0, 0.0, 0, 0.0, 0, 0.0, 1, 1.0, 0, 0.0, 0, 0, 0, 0
0, 0.9166666666666666, 0.0, 0, 0, 0, 0, 0, 0, 0, 0, 0, 0, 0, 0, 1, 0.08333333333333333, 0, 0, 0, 0
0, 1.0, 0.0, 0, 0, 0, 0, 0, 0, 0, 0, 0, 0, 0, 0, 0, 0.0, 0, 0, 0, 0
0, 0.7272727272727273, 0.0, 0, 0, 0, 0, 0, 0, 0, 0, 0, 0, 0, 0, 1, 0.2727272727272727, 0, 0, 0, 0
0, 1.0, 0.0, 0, 0, 0, 0, 0, 0, 0, 0, 0, 0, 0, 0, 0, 0.0, 0, 0, 0, 0
0, 1.0, 0.0, 0, 0, 0, 0, 0, 0, 0, 0, 0, 0, 0, 0, 0, 0.0, 0, 0, 0, 0
0, 0.7777777777777778, 0.1111111111111111, 0, 0.0, 1, 1.0, 0, 0.0, 0, 0.0, 0, 0.0, 0, 0.0, 1, 0.1111111111111111, 0, 0, 0, 0
0, 0.8823529411764706, 0.11764705882352941, 1, 0.5, 0, 0.0, 0, 0.0, 0, 0.0, 0, 0.0, 1, 0.5, 0, 0.0, 0, 0, 1, 0
0, 1.0, 0.0, 0, 0, 0, 0, 0, 0, 0, 0, 0, 0, 0, 0, 0, 0.0, 0, 0, 0, 0
0, 0.9047619047619048, 0.09523809523809523, 0, 0.0, 0, 0.0, 0, 0.0, 0, 0.0, 1, 1.0, 0, 0.0, 0, 0.0, 0, 0, 0, 0
0, 1.0, 0.0, 0, 0, 0, 0, 0, 0, 0, 0, 0, 0, 0, 0, 0, 0.0, 0, 0, 0, 0
0, 1.0, 0.0, 0, 0, 0, 0, 0, 0, 0, 0, 0, 0, 0, 0, 0, 0.0, 0, 0, 0, 0
0, 1.0, 0.0, 0, 0, 0, 0, 0, 0, 0, 0, 0, 0, 0, 0, 0, 0.0, 0, 0, 0, 0
0, 1.0, 0.0, 0, 0, 0, 0, 0, 0, 0, 0, 0, 0, 0, 0, 0, 0.0, 0, 0, 0, 0
0, 0.9, 0.1, 0, 0.0, 0, 0.0, 0, 0.0, 0, 0.0, 1, 1.0, 0, 0.0, 0, 0.0, 0, 0, 0, 0
0, 1.0, 0.0, 0, 0, 0, 0, 0, 0, 0, 0, 0, 0, 0, 0, 0, 0.0, 0, 0, 0, 0
0, 1.0, 0.0, 0, 0, 0, 0, 0, 0, 0, 0, 0, 0, 0, 0, 0, 0.0, 0, 0, 0, 0
0, 1.0, 0.0, 0, 0, 0, 0, 0, 0, 0, 0, 0, 0, 0, 0, 0, 0.0, 0, 0, 0, 0
0, 0.9166666666666666, 0.08333333333333333, 0, 0.0, 1, 1.0, 0, 0.0, 0, 0.0, 0, 0.0, 0, 0.0, 0, 0.0, 0, 0, 0, 0
0, 1.0, 0.0, 0, 0, 0, 0, 0, 0, 0, 0, 0, 0, 0, 0, 0, 0.0, 0, 0, 0, 0
0, 0.9166666666666666, 0.08333333333333333, 0, 0.0, 1, 1.0, 0, 0.0, 0, 0.0, 0, 0.0, 0, 0.0, 0, 0.0, 0, 0, 0, 0
0, 0.8181818181818182, 0.18181818181818182, 0, 0.0, 0, 0.0, 0, 0.0, 0, 0.0, 1, 1.0, 0, 0.0, 0, 0.0, 0, 0, 0, 0
0, 1.0, 0.0, 0, 0, 0, 0, 0, 0, 0, 0, 0, 0, 0, 0, 0, 0.0, 0, 0, 0, 0
0, 0.8333333333333334, 0.16666666666666666, 0, 0.0, 1, 1.0, 0, 0.0, 0, 0.0, 0, 0.0, 0, 0.0, 0, 0.0, 0, 0, 1, 0
0, 1.0, 0.0, 0, 0, 0, 0, 0, 0, 0, 0, 0, 0, 0, 0, 0, 0.0, 1, 0, 1, 0
0, 1.0, 0.0, 0, 0, 0, 0, 0, 0, 0, 0, 0, 0, 0, 0, 0, 0.0, 0, 0, 0, 0
0, 1.0, 0.0, 0, 0, 0, 0, 0, 0, 0, 0, 0, 0, 0, 0, 0, 0.0, 0, 0, 0, 0
0, 0.9166666666666666, 0.0, 0, 0, 0, 0, 0, 0, 0, 0, 0, 0, 0, 0, 1, 0.08333333333333333, 0, 0, 0, 0
0, 1.0, 0.0, 0, 0, 0, 0, 0, 0, 0, 0, 0, 0, 0, 0, 0, 0.0, 0, 0, 1, 0
0, 0.9333333333333333, 0.06666666666666667, 0, 0.0, 1, 1.0, 0, 0.0, 0, 0.0, 0, 0.0, 0, 0.0, 0, 0.0, 0, 0, 0, 0
0, 1.0, 0.0, 0, 0, 0, 0, 0, 0, 0, 0, 0, 0, 0, 0, 0, 0.0, 0, 0, 1, 0
0, 1.0, 0.0, 0, 0, 0, 0, 0, 0, 0, 0, 0, 0, 0, 0, 0, 0.0, 0, 0, 0, 0
0, 0.875, 0.0, 0, 0, 0, 0, 0, 0, 0, 0, 0, 0, 0, 0, 1, 0.125, 0, 0, 0, 0
0, 1.0, 0.0, 0, 0, 0, 0, 0, 0, 0, 0, 0, 0, 0, 0, 0, 0.0, 0, 0, 0, 0
0, 1.0, 0.0, 0, 0, 0, 0, 0, 0, 0, 0, 0, 0, 0, 0, 0, 0.0, 0, 0, 0, 0
0, 0.9166666666666666, 0.0, 0, 0, 0, 0, 0, 0, 0, 0, 0, 0, 0, 0, 1, 0.08333333333333333, 0, 0, 1, 0
0, 1.0, 0.0, 0, 0, 0, 0, 0, 0, 0, 0, 0, 0, 0, 0, 0, 0.0, 0, 0, 0, 0
0, 1.0, 0.0, 0, 0, 0, 0, 0, 0, 0, 0, 0, 0, 0, 0, 0, 0.0, 0, 0, 0, 0
0, 1.0, 0.0, 0, 0, 0, 0, 0, 0, 0, 0, 0, 0, 0, 0, 0, 0.0, 1, 0, 0, 0
0, 1.0, 0.0, 0, 0, 0, 0, 0, 0, 0, 0, 0, 0, 0, 0, 0, 0.0, 0, 0, 0, 0
0, 1.0, 0.0, 0, 0, 0, 0, 0, 0, 0, 0, 0, 0, 0, 0, 0, 0.0, 0, 0, 0, 0
0, 1.0, 0.0, 0, 0, 0, 0, 0, 0, 0, 0, 0, 0, 0, 0, 0, 0.0, 0, 0, 0, 0
0, 1.0, 0.0, 0, 0, 0, 0, 0, 0, 0, 0, 0, 0, 0, 0, 0, 0.0, 0, 0, 0, 0
0, 1.0, 0.0, 0, 0, 0, 0, 0, 0, 0, 0, 0, 0, 0, 0, 0, 0.0, 0, 0, 0, 0
0, 0.9230769230769231, 0.07692307692307693, 0, 0.0, 1, 1.0, 0, 0.0, 0, 0.0, 0, 0.0, 0, 0.0, 0, 0.0, 0, 0, 1, 0
0, 1.0, 0.0, 0, 0, 0, 0, 0, 0, 0, 0, 0, 0, 0, 0, 0, 0.0, 0, 0, 0, 0
0, 0.8571428571428571, 0.14285714285714285, 0, 0.0, 1, 1.0, 0, 0.0, 0, 0.0, 0, 0.0, 0, 0.0, 0, 0.0, 0, 0, 0, 0
0, 1.0, 0.0, 0, 0, 0, 0, 0, 0, 0, 0, 0, 0, 0, 0, 0, 0.0, 0, 0, 0, 0
0, 0.9, 0.1, 0, 0.0, 1, 1.0, 0, 0.0, 0, 0.0, 0, 0.0, 0, 0.0, 0, 0.0, 0, 0, 0, 0
0, 1.0, 0.0, 0, 0, 0, 0, 0, 0, 0, 0, 0, 0, 0, 0, 0, 0.0, 0, 0, 0, 0
0, 0.8888888888888888, 0.1111111111111111, 0, 0.0, 0, 0.0, 0, 0.0, 0, 0.0, 0, 0.0, 1, 1.0, 0, 0.0, 0, 0, 0, 0
0, 1.0, 0.0, 0, 0, 0, 0, 0, 0, 0, 0, 0, 0, 0, 0, 0, 0.0, 0, 0, 0, 0
0, 1.0, 0.0, 0, 0, 0, 0, 0, 0, 0, 0, 0, 0, 0, 0, 0, 0.0, 0, 0, 0, 0
0, 1.0, 0.0, 0, 0, 0, 0, 0, 0, 0, 0, 0, 0, 0, 0, 0, 0.0, 0, 0, 0, 0
0, 1.0, 0.0, 0, 0, 0, 0, 0, 0, 0, 0, 0, 0, 0, 0, 0, 0.0, 0, 0, 0, 0
0, 1.0, 0.0, 0, 0, 0, 0, 0, 0, 0, 0, 0, 0, 0, 0, 0, 0.0, 0, 0, 1, 0
0, 0.75, 0.0, 0, 0, 0, 0, 0, 0, 0, 0, 0, 0, 0, 0, 1, 0.25, 0, 0, 1, 0
0, 0.7857142857142857, 0.21428571428571427, 0, 0.0, 0, 0.0, 0, 0.0, 0, 0.0, 1, 0.6666666666666666, 1, 0.3333333333333333, 0, 0.0, 1, 0, 0, 0
0, 1.0, 0.0, 0, 0, 0, 0, 0, 0, 0, 0, 0, 0, 0, 0, 0, 0.0, 0, 0, 0, 0
0, 1.0, 0.0, 0, 0, 0, 0, 0, 0, 0, 0, 0, 0, 0, 0, 0, 0.0, 0, 0, 0, 0
0, 0.875, 0.125, 0, 0.0, 1, 1.0, 0, 0.0, 0, 0.0, 0, 0.0, 0, 0.0, 0, 0.0, 0, 0, 0, 0
0, 0.8, 0.0, 0, 0, 0, 0, 0, 0, 0, 0, 0, 0, 0, 0, 1, 0.2, 0, 0, 0, 0
0, 1.0, 0.0, 0, 0, 0, 0, 0, 0, 0, 0, 0, 0, 0, 0, 0, 0.0, 0, 0, 0, 0
0, 1.0, 0.0, 0, 0, 0, 0, 0, 0, 0, 0, 0, 0, 0, 0, 0, 0.0, 0, 0, 0, 0
0, 0.625, 0.0, 0, 0, 0, 0, 0, 0, 0, 0, 0, 0, 0, 0, 1, 0.375, 0, 1, 0, 0
0, 1.0, 0.0, 0, 0, 0, 0, 0, 0, 0, 0, 0, 0, 0, 0, 0, 0.0, 0, 0, 0, 0
0, 1.0, 0.0, 0, 0, 0, 0, 0, 0, 0, 0, 0, 0, 0, 0, 0, 0.0, 0, 0, 0, 0
0, 0.8333333333333334, 0.16666666666666666, 0, 0.0, 1, 1.0, 0, 0.0, 0, 0.0, 0, 0.0, 0, 0.0, 0, 0.0, 0, 0, 0, 0
0, 1.0, 0.0, 0, 0, 0, 0, 0, 0, 0, 0, 0, 0, 0, 0, 0, 0.0, 0, 0, 0, 0
0, 1.0, 0.0, 0, 0, 0, 0, 0, 0, 0, 0, 0, 0, 0, 0, 0, 0.0, 0, 0, 0, 0
0, 0.8888888888888888, 0.1111111111111111, 1, 1.0, 0, 0.0, 0, 0.0, 0, 0.0, 0, 0.0, 0, 0.0, 0, 0.0, 0, 0, 0, 0
0, 1.0, 0.0, 0, 0, 0, 0, 0, 0, 0, 0, 0, 0, 0, 0, 0, 0.0, 0, 0, 0, 0
0, 1.0, 0.0, 0, 0, 0, 0, 0, 0, 0, 0, 0, 0, 0, 0, 0, 0.0, 0, 0, 0, 0
0, 1.0, 0.0, 0, 0, 0, 0, 0, 0, 0, 0, 0, 0, 0, 0, 0, 0.0, 0, 0, 1, 0
0, 1.0, 0.0, 0, 0, 0, 0, 0, 0, 0, 0, 0, 0, 0, 0, 0, 0.0, 0, 0, 0, 0
0, 1.0, 0.0, 0, 0, 0, 0, 0, 0, 0, 0, 0, 0, 0, 0, 0, 0.0, 0, 0, 1, 0
0, 0.9090909090909091, 0.09090909090909091, 0, 0.0, 1, 1.0, 0, 0.0, 0, 0.0, 0, 0.0, 0, 0.0, 0, 0.0, 0, 0, 0, 0
0, 0.8333333333333334, 0.16666666666666666, 0, 0.0, 1, 1.0, 0, 0.0, 0, 0.0, 0, 0.0, 0, 0.0, 0, 0.0, 0, 0, 0, 0
0, 1.0, 0.0, 0, 0, 0, 0, 0, 0, 0, 0, 0, 0, 0, 0, 0, 0.0, 0, 0, 0, 0
0, 0.75, 0.2, 0, 0.0, 0, 0.0, 0, 0.0, 0, 0.0, 1, 1.0, 0, 0.0, 1, 0.05, 0, 0, 1, 0
0, 0.9565217391304348, 0.043478260869565216, 0, 0.0, 1, 1.0, 0, 0.0, 0, 0.0, 0, 0.0, 0, 0.0, 0, 0.0, 0, 0, 1, 0
0, 1.0, 0.0, 0, 0, 0, 0, 0, 0, 0, 0, 0, 0, 0, 0, 0, 0.0, 0, 0, 0, 0
0, 1.0, 0.0, 0, 0, 0, 0, 0, 0, 0, 0, 0, 0, 0, 0, 0, 0.0, 0, 0, 0, 0
0, 1.0, 0.0, 0, 0, 0, 0, 0, 0, 0, 0, 0, 0, 0, 0, 0, 0.0, 0, 0, 0, 0
0, 1.0, 0.0, 0, 0, 0, 0, 0, 0, 0, 0, 0, 0, 0, 0, 0, 0.0, 0, 0, 0, 0
0, 1.0, 0.0, 0, 0, 0, 0, 0, 0, 0, 0, 0, 0, 0, 0, 0, 0.0, 0, 0, 0, 0
0, 1.0, 0.0, 0, 0, 0, 0, 0, 0, 0, 0, 0, 0, 0, 0, 0, 0.0, 0, 0, 0, 0
0, 1.0, 0.0, 0, 0, 0, 0, 0, 0, 0, 0, 0, 0, 0, 0, 0, 0.0, 0, 0, 0, 0
0, 1.0, 0.0, 0, 0, 0, 0, 0, 0, 0, 0, 0, 0, 0, 0, 0, 0.0, 0, 0, 0, 0
0, 1.0, 0.0, 0, 0, 0, 0, 0, 0, 0, 0, 0, 0, 0, 0, 0, 0.0, 0, 0, 0, 0
0, 0.9, 0.0, 0, 0, 0, 0, 0, 0, 0, 0, 0, 0, 0, 0, 1, 0.1, 0, 0, 0, 0
0, 1.0, 0.0, 0, 0, 0, 0, 0, 0, 0, 0, 0, 0, 0, 0, 0, 0.0, 0, 0, 0, 0
0, 1.0, 0.0, 0, 0, 0, 0, 0, 0, 0, 0, 0, 0, 0, 0, 0, 0.0, 0, 0, 0, 0
0, 1.0, 0.0, 0, 0, 0, 0, 0, 0, 0, 0, 0, 0, 0, 0, 0, 0.0, 0, 0, 0, 0
0, 1.0, 0.0, 0, 0, 0, 0, 0, 0, 0, 0, 0, 0, 0, 0, 0, 0.0, 0, 0, 0, 0
0, 0.8571428571428571, 0.14285714285714285, 0, 0.0, 1, 1.0, 0, 0.0, 0, 0.0, 0, 0.0, 0, 0.0, 0, 0.0, 0, 0, 0, 0
0, 1.0, 0.0, 0, 0, 0, 0, 0, 0, 0, 0, 0, 0, 0, 0, 0, 0.0, 0, 0, 0, 0
0, 1.0, 0.0, 0, 0, 0, 0, 0, 0, 0, 0, 0, 0, 0, 0, 0, 0.0, 0, 0, 0, 0
0, 1.0, 0.0, 0, 0, 0, 0, 0, 0, 0, 0, 0, 0, 0, 0, 0, 0.0, 0, 0, 0, 0
0, 1.0, 0.0, 0, 0, 0, 0, 0, 0, 0, 0, 0, 0, 0, 0, 0, 0.0, 0, 0, 0, 0
0, 1.0, 0.0, 0, 0, 0, 0, 0, 0, 0, 0, 0, 0, 0, 0, 0, 0.0, 1, 0, 1, 0
0, 0.9230769230769231, 0.07692307692307693, 0, 0.0, 0, 0.0, 0, 0.0, 0, 0.0, 0, 0.0, 1, 1.0, 0, 0.0, 0, 0, 0, 0
0, 0.9615384615384616, 0.038461538461538464, 0, 0.0, 1, 1.0, 0, 0.0, 0, 0.0, 0, 0.0, 0, 0.0, 0, 0.0, 0, 0, 0, 0
0, 1.0, 0.0, 0, 0, 0, 0, 0, 0, 0, 0, 0, 0, 0, 0, 0, 0.0, 0, 0, 0, 0
0, 0.9090909090909091, 0.09090909090909091, 1, 1.0, 0, 0.0, 0, 0.0, 0, 0.0, 0, 0.0, 0, 0.0, 0, 0.0, 0, 0, 0, 0
0, 0.875, 0.125, 0, 0.0, 1, 1.0, 0, 0.0, 0, 0.0, 0, 0.0, 0, 0.0, 0, 0.0, 0, 0, 0, 0
0, 1.0, 0.0, 0, 0, 0, 0, 0, 0, 0, 0, 0, 0, 0, 0, 0, 0.0, 0, 0, 1, 0
0, 0.75, 0.25, 0, 0.0, 1, 1.0, 0, 0.0, 0, 0.0, 0, 0.0, 0, 0.0, 0, 0.0, 0, 0, 0, 0
0, 1.0, 0.0, 0, 0, 0, 0, 0, 0, 0, 0, 0, 0, 0, 0, 0, 0.0, 0, 0, 0, 0
0, 1.0, 0.0, 0, 0, 0, 0, 0, 0, 0, 0, 0, 0, 0, 0, 0, 0.0, 0, 0, 1, 0
0, 0.8888888888888888, 0.1111111111111111, 0, 0.0, 0, 0.0, 0, 0.0, 0, 0.0, 1, 1.0, 0, 0.0, 0, 0.0, 0, 0, 0, 0
0, 1.0, 0.0, 0, 0, 0, 0, 0, 0, 0, 0, 0, 0, 0, 0, 0, 0.0, 0, 0, 0, 0
0, 1.0, 0.0, 0, 0, 0, 0, 0, 0, 0, 0, 0, 0, 0, 0, 0, 0.0, 0, 0, 0, 0
0, 1.0, 0.0, 0, 0, 0, 0, 0, 0, 0, 0, 0, 0, 0, 0, 0, 0.0, 0, 0, 1, 0
0, 1.0, 0.0, 0, 0, 0, 0, 0, 0, 0, 0, 0, 0, 0, 0, 0, 0.0, 0, 0, 0, 0
0, 1.0, 0.0, 0, 0, 0, 0, 0, 0, 0, 0, 0, 0, 0, 0, 0, 0.0, 0, 0, 0, 0
0, 1.0, 0.0, 0, 0, 0, 0, 0, 0, 0, 0, 0, 0, 0, 0, 0, 0.0, 0, 0, 0, 0
0, 1.0, 0.0, 0, 0, 0, 0, 0, 0, 0, 0, 0, 0, 0, 0, 0, 0.0, 0, 0, 0, 0
0, 1.0, 0.0, 0, 0, 0, 0, 0, 0, 0, 0, 0, 0, 0, 0, 0, 0.0, 0, 0, 1, 0
0, 1.0, 0.0, 0, 0, 0, 0, 0, 0, 0, 0, 0, 0, 0, 0, 0, 0.0, 0, 0, 0, 0
0, 1.0, 0.0, 0, 0, 0, 0, 0, 0, 0, 0, 0, 0, 0, 0, 0, 0.0, 0, 0, 0, 0
0, 1.0, 0.0, 0, 0, 0, 0, 0, 0, 0, 0, 0, 0, 0, 0, 0, 0.0, 0, 0, 0, 0
0, 0.7272727272727273, 0.09090909090909091, 0, 0.0, 0, 0.0, 0, 0.0, 0, 0.0, 0, 0.0, 1, 1.0, 1, 0.18181818181818182, 0, 0, 0, 0
0, 0.9230769230769231, 0.0, 0, 0, 0, 0, 0, 0, 0, 0, 0, 0, 0, 0, 1, 0.07692307692307693, 0, 0, 0, 0
0, 1.0, 0.0, 0, 0, 0, 0, 0, 0, 0, 0, 0, 0, 0, 0, 0, 0.0, 0, 0, 0, 0
0, 1.0, 0.0, 0, 0, 0, 0, 0, 0, 0, 0, 0, 0, 0, 0, 0, 0.0, 0, 0, 0, 0
0, 1.0, 0.0, 0, 0, 0, 0, 0, 0, 0, 0, 0, 0, 0, 0, 0, 0.0, 0, 0, 1, 0
0, 1.0, 0.0, 0, 0, 0, 0, 0, 0, 0, 0, 0, 0, 0, 0, 0, 0.0, 0, 0, 0, 0
0, 0.8235294117647058, 0.17647058823529413, 0, 0.0, 1, 0.3333333333333333, 0, 0.0, 0, 0.0, 1, 0.6666666666666666, 0, 0.0, 0, 0.0, 0, 0, 0, 0
0, 1.0, 0.0, 0, 0, 0, 0, 0, 0, 0, 0, 0, 0, 0, 0, 0, 0.0, 0, 0, 0, 0
0, 1.0, 0.0, 0, 0, 0, 0, 0, 0, 0, 0, 0, 0, 0, 0, 0, 0.0, 0, 0, 0, 0
0, 1.0, 0.0, 0, 0, 0, 0, 0, 0, 0, 0, 0, 0, 0, 0, 0, 0.0, 0, 0, 1, 0
0, 0.9090909090909091, 0.0, 0, 0, 0, 0, 0, 0, 0, 0, 0, 0, 0, 0, 1, 0.09090909090909091, 0, 0, 0, 0
0, 1.0, 0.0, 0, 0, 0, 0, 0, 0, 0, 0, 0, 0, 0, 0, 0, 0.0, 0, 0, 0, 0
0, 1.0, 0.0, 0, 0, 0, 0, 0, 0, 0, 0, 0, 0, 0, 0, 0, 0.0, 0, 0, 0, 0
0, 1.0, 0.0, 0, 0, 0, 0, 0, 0, 0, 0, 0, 0, 0, 0, 0, 0.0, 0, 0, 0, 0
0, 1.0, 0.0, 0, 0, 0, 0, 0, 0, 0, 0, 0, 0, 0, 0, 0, 0.0, 0, 0, 0, 0
0, 1.0, 0.0, 0, 0, 0, 0, 0, 0, 0, 0, 0, 0, 0, 0, 0, 0.0, 0, 0, 0, 0
0, 1.0, 0.0, 0, 0, 0, 0, 0, 0, 0, 0, 0, 0, 0, 0, 0, 0.0, 0, 0, 0, 0
0, 0.75, 0.25, 0, 0.0, 0, 0.0, 0, 0.0, 0, 0.0, 0, 0.0, 1, 1.0, 0, 0.0, 0, 0, 0, 0
0, 0.9, 0.0, 0, 0, 0, 0, 0, 0, 0, 0, 0, 0, 0, 0, 1, 0.1, 0, 0, 0, 0
0, 1.0, 0.0, 0, 0, 0, 0, 0, 0, 0, 0, 0, 0, 0, 0, 0, 0.0, 0, 0, 0, 0
0, 1.0, 0.0, 0, 0, 0, 0, 0, 0, 0, 0, 0, 0, 0, 0, 0, 0.0, 0, 0, 0, 0
0, 0.6923076923076923, 0.3076923076923077, 0, 0.0, 1, 0.25, 0, 0.0, 0, 0.0, 1, 0.5, 1, 0.25, 0, 0.0, 0, 0, 0, 0
0, 1.0, 0.0, 0, 0, 0, 0, 0, 0, 0, 0, 0, 0, 0, 0, 0, 0.0, 0, 0, 0, 0
0, 1.0, 0.0, 0, 0, 0, 0, 0, 0, 0, 0, 0, 0, 0, 0, 0, 0.0, 0, 0, 0, 0
0, 1.0, 0.0, 0, 0, 0, 0, 0, 0, 0, 0, 0, 0, 0, 0, 0, 0.0, 0, 0, 0, 0
0, 0.8461538461538461, 0.07692307692307693, 1, 1.0, 0, 0.0, 0, 0.0, 0, 0.0, 0, 0.0, 0, 0.0, 1, 0.07692307692307693, 0, 0, 1, 0
0, 1.0, 0.0, 0, 0, 0, 0, 0, 0, 0, 0, 0, 0, 0, 0, 0, 0.0, 0, 0, 0, 0
0, 1.0, 0.0, 0, 0, 0, 0, 0, 0, 0, 0, 0, 0, 0, 0, 0, 0.0, 0, 0, 0, 0
0, 1.0, 0.0, 0, 0, 0, 0, 0, 0, 0, 0, 0, 0, 0, 0, 0, 0.0, 0, 0, 0, 0
0, 1.0, 0.0, 0, 0, 0, 0, 0, 0, 0, 0, 0, 0, 0, 0, 0, 0.0, 0, 0, 0, 0
0, 1.0, 0.0, 0, 0, 0, 0, 0, 0, 0, 0, 0, 0, 0, 0, 0, 0.0, 0, 0, 0, 0
0, 1.0, 0.0, 0, 0, 0, 0, 0, 0, 0, 0, 0, 0, 0, 0, 0, 0.0, 0, 0, 0, 0
0, 0.8333333333333334, 0.16666666666666666, 0, 0.0, 1, 1.0, 0, 0.0, 0, 0.0, 0, 0.0, 0, 0.0, 0, 0.0, 0, 0, 0, 0
0, 1.0, 0.0, 0, 0, 0, 0, 0, 0, 0, 0, 0, 0, 0, 0, 0, 0.0, 0, 0, 0, 0
0, 1.0, 0.0, 0, 0, 0, 0, 0, 0, 0, 0, 0, 0, 0, 0, 0, 0.0, 0, 0, 0, 0
0, 0.8181818181818182, 0.0, 0, 0, 0, 0, 0, 0, 0, 0, 0, 0, 0, 0, 1, 0.18181818181818182, 0, 0, 1, 0
0, 1.0, 0.0, 0, 0, 0, 0, 0, 0, 0, 0, 0, 0, 0, 0, 0, 0.0, 0, 0, 0, 0
0, 0.9090909090909091, 0.09090909090909091, 0, 0.0, 1, 1.0, 0, 0.0, 0, 0.0, 0, 0.0, 0, 0.0, 0, 0.0, 0, 0, 0, 0
0, 1.0, 0.0, 0, 0, 0, 0, 0, 0, 0, 0, 0, 0, 0, 0, 0, 0.0, 0, 0, 1, 0
0, 0.9166666666666666, 0.0, 0, 0, 0, 0, 0, 0, 0, 0, 0, 0, 0, 0, 1, 0.08333333333333333, 0, 0, 0, 0
0, 0.9333333333333333, 0.06666666666666667, 0, 0.0, 0, 0.0, 0, 0.0, 0, 0.0, 0, 0.0, 1, 1.0, 0, 0.0, 0, 0, 0, 0
0, 0.7777777777777778, 0.1111111111111111, 0, 0.0, 0, 0.0, 0, 0.0, 0, 0.0, 0, 0.0, 1, 1.0, 1, 0.1111111111111111, 0, 0, 1, 0
0, 1.0, 0.0, 0, 0, 0, 0, 0, 0, 0, 0, 0, 0, 0, 0, 0, 0.0, 0, 0, 0, 0
0, 0.9285714285714286, 0.07142857142857142, 0, 0.0, 0, 0.0, 0, 0.0, 0, 0.0, 0, 0.0, 1, 1.0, 0, 0.0, 0, 0, 0, 0
0, 0.9230769230769231, 0.07692307692307693, 1, 1.0, 0, 0.0, 0, 0.0, 0, 0.0, 0, 0.0, 0, 0.0, 0, 0.0, 0, 0, 1, 0
0, 1.0, 0.0, 0, 0, 0, 0, 0, 0, 0, 0, 0, 0, 0, 0, 0, 0.0, 0, 0, 0, 0
0, 1.0, 0.0, 0, 0, 0, 0, 0, 0, 0, 0, 0, 0, 0, 0, 0, 0.0, 0, 0, 0, 0
0, 1.0, 0.0, 0, 0, 0, 0, 0, 0, 0, 0, 0, 0, 0, 0, 0, 0.0, 0, 0, 1, 0
0, 1.0, 0.0, 0, 0, 0, 0, 0, 0, 0, 0, 0, 0, 0, 0, 0, 0.0, 0, 0, 0, 0
0, 0.9230769230769231, 0.07692307692307693, 0, 0.0, 1, 1.0, 0, 0.0, 0, 0.0, 0, 0.0, 0, 0.0, 0, 0.0, 0, 0, 0, 0
0, 0.9375, 0.0625, 0, 0.0, 0, 0.0, 0, 0.0, 0, 0.0, 0, 0.0, 1, 1.0, 0, 0.0, 0, 0, 1, 0
0, 1.0, 0.0, 0, 0, 0, 0, 0, 0, 0, 0, 0, 0, 0, 0, 0, 0.0, 0, 0, 0, 0
0, 1.0, 0.0, 0, 0, 0, 0, 0, 0, 0, 0, 0, 0, 0, 0, 0, 0.0, 0, 0, 0, 0
0, 0.8571428571428571, 0.14285714285714285, 1, 1.0, 0, 0.0, 0, 0.0, 0, 0.0, 0, 0.0, 0, 0.0, 0, 0.0, 0, 0, 0, 0
0, 0.8666666666666667, 0.13333333333333333, 0, 0.0, 0, 0.0, 0, 0.0, 0, 0.0, 1, 1.0, 0, 0.0, 0, 0.0, 0, 0, 0, 0
0, 0.8461538461538461, 0.0, 0, 0, 0, 0, 0, 0, 0, 0, 0, 0, 0, 0, 1, 0.15384615384615385, 0, 0, 0, 0
0, 1.0, 0.0, 0, 0, 0, 0, 0, 0, 0, 0, 0, 0, 0, 0, 0, 0.0, 0, 0, 0, 0
0, 1.0, 0.0, 0, 0, 0, 0, 0, 0, 0, 0, 0, 0, 0, 0, 0, 0.0, 0, 0, 0, 0
0, 0.9333333333333333, 0.06666666666666667, 0, 0.0, 1, 1.0, 0, 0.0, 0, 0.0, 0, 0.0, 0, 0.0, 0, 0.0, 0, 0, 0, 0
0, 0.8888888888888888, 0.1111111111111111, 0, 0.0, 0, 0.0, 0, 0.0, 0, 0.0, 0, 0.0, 1, 1.0, 0, 0.0, 0, 0, 0, 0
0, 1.0, 0.0, 0, 0, 0, 0, 0, 0, 0, 0, 0, 0, 0, 0, 0, 0.0, 0, 0, 0, 0
0, 1.0, 0.0, 0, 0, 0, 0, 0, 0, 0, 0, 0, 0, 0, 0, 0, 0.0, 0, 0, 0, 0
0, 0.875, 0.125, 0, 0.0, 1, 1.0, 0, 0.0, 0, 0.0, 0, 0.0, 0, 0.0, 0, 0.0, 0, 0, 0, 0
0, 1.0, 0.0, 0, 0, 0, 0, 0, 0, 0, 0, 0, 0, 0, 0, 0, 0.0, 0, 0, 0, 0
0, 1.0, 0.0, 0, 0, 0, 0, 0, 0, 0, 0, 0, 0, 0, 0, 0, 0.0, 0, 0, 0, 0
0, 1.0, 0.0, 0, 0, 0, 0, 0, 0, 0, 0, 0, 0, 0, 0, 0, 0.0, 0, 0, 0, 0
0, 0.75, 0.0, 0, 0, 0, 0, 0, 0, 0, 0, 0, 0, 0, 0, 1, 0.25, 0, 0, 0, 0
0, 1.0, 0.0, 0, 0, 0, 0, 0, 0, 0, 0, 0, 0, 0, 0, 0, 0.0, 0, 0, 1, 0
0, 1.0, 0.0, 0, 0, 0, 0, 0, 0, 0, 0, 0, 0, 0, 0, 0, 0.0, 0, 0, 0, 0
0, 0.5, 0.0, 0, 0, 0, 0, 0, 0, 0, 0, 0, 0, 0, 0, 1, 0.5, 0, 1, 0, 0
0, 0.9285714285714286, 0.07142857142857142, 0, 0.0, 1, 1.0, 0, 0.0, 0, 0.0, 0, 0.0, 0, 0.0, 0, 0.0, 0, 0, 0, 0
0, 0.6666666666666666, 0.0, 0, 0, 0, 0, 0, 0, 0, 0, 0, 0, 0, 0, 1, 0.3333333333333333, 0, 1, 1, 0
0, 0.6363636363636364, 0.0, 0, 0, 0, 0, 0, 0, 0, 0, 0, 0, 0, 0, 1, 0.36363636363636365, 0, 1, 0, 0
